011001110011001010111111011010
110000011011110100100011000110
001001111010001110001111000110
011101101110011101111010100100
100011011111111001001001101000
101011010001001111011000111001
001111101111111111111101101010
110111000100001010101010001110
001001011100111101111100100001
110001000010101101010011100010
101000111011010010010101100001
001100111000010001100000000100
101000111100111100110010010100
011011000000001100101111000101
011001101101110110010101000001
101000111100100010110000011000
100110011100111101101110011001
001001101011010111110100111111
011100010000011000011000001110
111001000011111111001111110001
