Generation 699:
200012211220220001222202221202
000122112202200012222022212021
001221122022000122220222120210
012211220220001222202221202101
122112202200012222022212021010
221122022000122220222120210102
211220220001222202221202101022
112202200012222022212021010221
122022000122220222120210102210
220220001222202221202101022101
202200012222022212021010221011
022000122220222120210102210112
220001222202221202101022101121
200012222022212021010221011212
000122220222120210102210112121
001222202221202101022101121211
012222022212021010221011212112
122220222120210102210112121121
222202221202101022101121211210
222022212021010221011212112100
220222120210102210112121121000
202221202101022101121211210002
022212021010221011212112100022
222120210102210112121121000220
221202101022101121211210002201
212021010221011212112100022012
120210102210112121121000220120
202101022101121211210002201201
021010221011212112100022012010
210102210112121121000220120100
11202101112102102210122010021
12021011121021022101220100211
20210111210210221012201002110
02101112102102210122010021101
21011121021022101220100211011
10111210210221012201002110110
01112102102210122010021101100
11121021022101220100211011002
11210210221012201002110110022
12102102210122010021101100220
21021022101220100211011002202
10210221012201002110110022022
02102210122010021101100220220
21022101220100211011002202201
10221012201002110110022022010
02210122010021101100220220100
22101220100211011002202201000
21012201002110110022022010000
10122010021101100220220100000
01220100211011002202201000000
12201002110110022022010000002
22010021101100220220100000020
20100211011002202201000000201
01002110110022022010000002012
10021101100220220100000020120
00211011002202201000000201200
02110110022022010000002012001
21101100220220100000020120011
11011002202201000000201200112
10110022022010000002012001122

200012211220220001222202221202
000122112202200012222022212021
001221122022000122220222120210
012211220220001222202221202101
122112202200012222022212021010
221122022000122220222120210102
211220220001222202221202101022
112202200012222022212021010221
122022000122220222120210102210
220220001222202221202101022101
202200012222022212021010221011
022000122220222120210102210112
220001222202221202101022101121
200012222022212021010221011212
000122220222120210102210112121
001222202221202101022101121211
012222022212021010221011212112
122220222120210102210112121121
222202221202101022101121211210
222022212021010221011212112100
220222120210102210112121121000
202221202101022101121211210002
022212021010221011212112100022
222120210102210112121121000220
221202101022101121211210002201
212021010221011212112100022012
120210102210112121121000220120
202101022101121211210002201201
021010221011212112100022012010
210102210112121121000220120100
11202101112102102210122010021
12021011121021022101220100211
20210111210210221012201002110
02101112102102210122010021101
21011121021022101220100211011
10111210210221012201002110110
01112102102210122010021101100
11121021022101220100211011002
11210210221012201002110110022
12102102210122010021101100220
21021022101220100211011002202
10210221012201002110110022022
02102210122010021101100220220
21022101220100211011002202201
10221012201002110110022022010
02210122010021101100220220100
22101220100211011002202201000
21012201002110110022022010000
10122010021101100220220100000
01220100211011002202201000000
12201002110110022022010000002
22010021101100220220100000020
20100211011002202201000000201
01002110110022022010000002012
10021101100220220100000020120
00211011002202201000000201200
02110110022022010000002012001
21101100220220100000020120011
11011002202201000000201200112
10110022022010000002012001122

200012211220220001222202221202
000122112202200012222022212021
001221122022000122220222120210
012211220220001222202221202101
122112202200012222022212021010
221122022000122220222120210102
211220220001222202221202101022
112202200012222022212021010221
122022000122220222120210102210
220220001222202221202101022101
202200012222022212021010221011
022000122220222120210102210112
220001222202221202101022101121
200012222022212021010221011212
000122220222120210102210112121
001222202221202101022101121211
012222022212021010221011212112
122220222120210102210112121121
222202221202101022101121211210
222022212021010221011212112100
220222120210102210112121121000
202221202101022101121211210002
022212021010221011212112100022
222120210102210112121121000220
221202101022101121211210002201
212021010221011212112100022012
120210102210112121121000220120
202101022101121211210002201201
021010221011212112100022012010
210102210112121121000220120100
11202101112102102210122010021
12021011121021022101220100211
20210111210210221012201002110
02101112102102210122010021101
21011121021022101220100211011
10111210210221012201002110110
01112102102210122010021101100
11121021022101220100211011002
11210210221012201002110110022
12102102210122010021101100220
21021022101220100211011002202
10210221012201002110110022022
02102210122010021101100220220
21022101220100211011002202201
10221012201002110110022022010
02210122010021101100220220100
22101220100211011002202201000
21012201002110110022022010000
10122010021101100220220100000
01220100211011002202201000000
12201002110110022022010000002
22010021101100220220100000020
20100211011002202201000000201
01002110110022022010000002012
10021101100220220100000020120
00211011002202201000000201200
02110110022022010000002012001
21101100220220100000020120011
11011002202201000000201200112
10110022022010000002012001122

200012211220220001222202221202
000122112202200012222022212021
001221122022000122220222120210
012211220220001222202221202101
122112202200012222022212021010
221122022000122220222120210102
211220220001222202221202101022
112202200012222022212021010221
122022000122220222120210102210
220220001222202221202101022101
202200012222022212021010221011
022000122220222120210102210112
220001222202221202101022101121
200012222022212021010221011212
000122220222120210102210112121
001222202221202101022101121211
012222022212021010221011212112
122220222120210102210112121121
222202221202101022101121211210
222022212021010221011212112100
220222120210102210112121121000
202221202101022101121211210002
022212021010221011212112100022
222120210102210112121121000220
221202101022101121211210002201
212021010221011212112100022012
120210102210112121121000220120
202101022101121211210002201201
021010221011212112100022012010
210102210112121121000220120100
11202101112102102210122010021
12021011121021022101220100211
20210111210210221012201002110
02101112102102210122010021101
21011121021022101220100211011
10111210210221012201002110110
01112102102210122010021101100
11121021022101220100211011002
11210210221012201002110110022
12102102210122010021101100220
21021022101220100211011002202
10210221012201002110110022022
02102210122010021101100220220
21022101220100211011002202201
10221012201002110110022022010
02210122010021101100220220100
22101220100211011002202201000
21012201002110110022022010000
10122010021101100220220100000
01220100211011002202201000000
12201002110110022022010000002
22010021101100220220100000020
20100211011002202201000000201
01002110110022022010000002012
10021101100220220100000020120
00211011002202201000000201200
02110110022022010000002012001
21101100220220100000020120011
11011002202201000000201200112
10110022022010000002012001122

200012211220220001222202221202
000122112202200012222022212021
001221122022000122220222120210
012211220220001222202221202101
122112202200012222022212021010
221122022000122220222120210102
211220220001222202221202101022
112202200012222022212021010221
122022000122220222120210102210
220220001222202221202101022101
202200012222022212021010221011
022000122220222120210102210112
220001222202221202101022101121
200012222022212021010221011212
000122220222120210102210112121
001222202221202101022101121211
012222022212021010221011212112
122220222120210102210112121121
222202221202101022101121211210
222022212021010221011212112100
220222120210102210112121121000
202221202101022101121211210002
022212021010221011212112100022
222120210102210112121121000220
221202101022101121211210002201
212021010221011212112100022012
120210102210112121121000220120
202101022101121211210002201201
021010221011212112100022012010
210102210112121121000220120100
11202101112102102210122010021
12021011121021022101220100211
20210111210210221012201002110
02101112102102210122010021101
21011121021022101220100211011
10111210210221012201002110110
01112102102210122010021101100
11121021022101220100211011002
11210210221012201002110110022
12102102210122010021101100220
21021022101220100211011002202
10210221012201002110110022022
02102210122010021101100220220
21022101220100211011002202201
10221012201002110110022022010
02210122010021101100220220100
22101220100211011002202201000
21012201002110110022022010000
10122010021101100220220100000
01220100211011002202201000000
12201002110110022022010000002
22010021101100220220100000020
20100211011002202201000000201
01002110110022022010000002012
10021101100220220100000020120
00211011002202201000000201200
02110110022022010000002012001
21101100220220100000020120011
11011002202201000000201200112
10110022022010000002012001122

200012211220220001222202221202
000122112202200012222022212021
001221122022000122220222120210
012211220220001222202221202101
122112202200012222022212021010
221122022000122220222120210102
211220220001222202221202101022
112202200012222022212021010221
122022000122220222120210102210
220220001222202221202101022101
202200012222022212021010221011
022000122220222120210102210112
220001222202221202101022101121
200012222022212021010221011212
000122220222120210102210112121
001222202221202101022101121211
012222022212021010221011212112
122220222120210102210112121121
222202221202101022101121211210
222022212021010221011212112100
220222120210102210112121121000
202221202101022101121211210002
022212021010221011212112100022
222120210102210112121121000220
221202101022101121211210002201
212021010221011212112100022012
120210102210112121121000220120
202101022101121211210002201201
021010221011212112100022012010
210102210112121121000220120100
11202101112102102210122010021
12021011121021022101220100211
20210111210210221012201002110
02101112102102210122010021101
21011121021022101220100211011
10111210210221012201002110110
01112102102210122010021101100
11121021022101220100211011002
11210210221012201002110110022
12102102210122010021101100220
21021022101220100211011002202
10210221012201002110110022022
02102210122010021101100220220
21022101220100211011002202201
10221012201002110110022022010
02210122010021101100220220100
22101220100211011002202201000
21012201002110110022022010000
10122010021101100220220100000
01220100211011002202201000000
12201002110110022022010000002
22010021101100220220100000020
20100211011002202201000000201
01002110110022022010000002012
10021101100220220100000020120
00211011002202201000000201200
02110110022022010000002012001
21101100220220100000020120011
11011002202201000000201200112
10110022022010000002012001122

200012211220220001222202221202
000122112202200012222022212021
001221122022000122220222120210
012211220220001222202221202101
122112202200012222022212021010
221122022000122220222120210102
211220220001222202221202101022
112202200012222022212021010221
122022000122220222120210102210
220220001222202221202101022101
202200012222022212021010221011
022000122220222120210102210112
220001222202221202101022101121
200012222022212021010221011212
000122220222120210102210112121
001222202221202101022101121211
012222022212021010221011212112
122220222120210102210112121121
222202221202101022101121211210
222022212021010221011212112100
220222120210102210112121121000
202221202101022101121211210002
022212021010221011212112100022
222120210102210112121121000220
221202101022101121211210002201
212021010221011212112100022012
120210102210112121121000220120
202101022101121211210002201201
021010221011212112100022012010
210102210112121121000220120100
11202101112102102210122010021
12021011121021022101220100211
20210111210210221012201002110
02101112102102210122010021101
21011121021022101220100211011
10111210210221012201002110110
01112102102210122010021101100
11121021022101220100211011002
11210210221012201002110110022
12102102210122010021101100220
21021022101220100211011002202
10210221012201002110110022022
02102210122010021101100220220
21022101220100211011002202201
10221012201002110110022022010
02210122010021101100220220100
22101220100211011002202201000
21012201002110110022022010000
10122010021101100220220100000
01220100211011002202201000000
12201002110110022022010000002
22010021101100220220100000020
20100211011002202201000000201
01002110110022022010000002012
10021101100220220100000020120
00211011002202201000000201200
02110110022022010000002012001
21101100220220100000020120011
11011002202201000000201200112
10110022022010000002012001122

200012211220220001222202221202
000122112202200012222022212021
001221122022000122220222120210
012211220220001222202221202101
122112202200012222022212021010
221122022000122220222120210102
211220220001222202221202101022
112202200012222022212021010221
122022000122220222120210102210
220220001222202221202101022101
202200012222022212021010221011
022000122220222120210102210112
220001222202221202101022101121
200012222022212021010221011212
000122220222120210102210112121
001222202221202101022101121211
012222022212021010221011212112
122220222120210102210112121121
222202221202101022101121211210
222022212021010221011212112100
220222120210102210112121121000
202221202101022101121211210002
022212021010221011212112100022
222120210102210112121121000220
221202101022101121211210002201
212021010221011212112100022012
120210102210112121121000220120
202101022101121211210002201201
021010221011212112100022012010
210102210112121121000220120100
11202101112102102210122010021
12021011121021022101220100211
20210111210210221012201002110
02101112102102210122010021101
21011121021022101220100211011
10111210210221012201002110110
01112102102210122010021101100
11121021022101220100211011002
11210210221012201002110110022
12102102210122010021101100220
21021022101220100211011002202
10210221012201002110110022022
02102210122010021101100220220
21022101220100211011002202201
10221012201002110110022022010
02210122010021101100220220100
22101220100211011002202201000
21012201002110110022022010000
10122010021101100220220100000
01220100211011002202201000000
12201002110110022022010000002
22010021101100220220100000020
20100211011002202201000000201
01002110110022022010000002012
10021101100220220100000020120
00211011002202201000000201200
02110110022022010000002012001
21101100220220100000020120011
11011002202201000000201200112
10110022022010000002012001122

200012211220220001222202221202
000122112202200012222022212021
001221122022000122220222120210
012211220220001222202221202101
122112202200012222022212021010
221122022000122220222120210102
211220220001222202221202101022
112202200012222022212021010221
122022000122220222120210102210
220220001222202221202101022101
202200012222022212021010221011
022000122220222120210102210112
220001222202221202101022101121
200012222022212021010221011212
000122220222120210102210112121
001222202221202101022101121211
012222022212021010221011212112
122220222120210102210112121121
222202221202101022101121211210
222022212021010221011212112100
220222120210102210112121121000
202221202101022101121211210002
022212021010221011212112100022
222120210102210112121121000220
221202101022101121211210002201
212021010221011212112100022012
120210102210112121121000220120
202101022101121211210002201201
021010221011212112100022012010
210102210112121121000220120100
11202101112102102210122010021
12021011121021022101220100211
20210111210210221012201002110
02101112102102210122010021101
21011121021022101220100211011
10111210210221012201002110110
01112102102210122010021101100
11121021022101220100211011002
11210210221012201002110110022
12102102210122010021101100220
21021022101220100211011002202
10210221012201002110110022022
02102210122010021101100220220
21022101220100211011002202201
10221012201002110110022022010
02210122010021101100220220100
22101220100211011002202201000
21012201002110110022022010000
10122010021101100220220100000
01220100211011002202201000000
12201002110110022022010000002
22010021101100220220100000020
20100211011002202201000000201
01002110110022022010000002012
10021101100220220100000020120
00211011002202201000000201200
02110110022022010000002012001
21101100220220100000020120011
11011002202201000000201200112
10110022022010000002012001122

200012211220220001222202221202
000122112202200012222022212021
001221122022000122220222120210
012211220220001222202221202101
122112202200012222022212021010
221122022000122220222120210102
211220220001222202221202101022
112202200012222022212021010221
122022000122220222120210102210
220220001222202221202101022101
202200012222022212021010221011
022000122220222120210102210112
220001222202221202101022101121
200012222022212021010221011212
000122220222120210102210112121
001222202221202101022101121211
012222022212021010221011212112
122220222120210102210112121121
222202221202101022101121211210
222022212021010221011212112100
220222120210102210112121121000
202221202101022101121211210002
022212021010221011212112100022
222120210102210112121121000220
221202101022101121211210002201
212021010221011212112100022012
120210102210112121121000220120
202101022101121211210002201201
021010221011212112100022012010
210102210112121121000220120100
11202102112102102210122010021
12021021121021022101220100211
20210211210210221012201002110
02102112102102210122010021101
21021121021022101220100211011
10211210210221012201002110110
02112102102210122010021101100
21121021022101220100211011002
11210210221012201002110110022
12102102210122010021101100220
21021022101220100211011002202
10210221012201002110110022022
02102210122010021101100220220
21022101220100211011002202201
10221012201002110110022022010
02210122010021101100220220100
22101220100211011002202201000
21012201002110110022022010000
10122010021101100220220100000
01220100211011002202201000000
12201002110110022022010000002
22010021101100220220100000020
20100211011002202201000000201
01002110110022022010000002012
10021101100220220100000020120
00211011002202201000000201200
02110110022022010000002012001
21101100220220100000020120011
11011002202201000000201200112
10110022022010000002012001122

200012211220220001222202221202
000122112202200012222022212021
001221122022000122220222120210
012211220220001222202221202101
122112202200012222022212021010
221122022000122220222120210102
211220220001222202221202101022
112202200012222022212021010221
122022000122220222120210102210
220220001222202221202101022101
202200012222022212021010221011
022000122220222120210102210112
220001222202221202101022101121
200012222022212021010221011212
000122220222120210102210112121
001222202221202101022101121211
012222022212021010221011212112
122220222120210102210112121121
222202221202101022101121211210
222022212021010221011212112100
220222120210102210112121121000
202221202101022101121211210002
022212021010221011212112100022
222120210102210112121121000220
221202101022101121211210002201
212021010221011212112100022012
120210102210112121121000220120
202101022101121211210002201201
021010221011212112100022012010
210102210112121121000220120100
11202101112102102210122010021
12021011121021022101220100211
20210111210210221012201002110
02101112102102210122010021101
21011121021022101220100211011
10111210210221012201002110110
01112102102210122010021101100
11121021022101220100211011002
11210210221012201002110110022
12102102210122010021101100220
21021022101220100211011002202
10210221012201002110110022022
02102210122010021101100220220
21022101220100211011002202201
10221012201002110110022022010
02210122010021101100220220100
22101220100211011002202201000
21012201002110110022022010000
10122010021101100220220100000
01220100211011002202201000000
12201002110110022022010000002
22010021101100220220100000020
20100211011002202201000000201
01002110110022022010000002012
10021101100220220100000020120
00211011002202201000000201200
02110110022022010000002012001
21101100220220100000020120011
11011002202201000000201200112
10110022022010000002012001122

200012211220220001222202221202
000122112202200012222022212021
001221122022000122220222120210
012211220220001222202221202101
122112202200012222022212021010
221122022000122220222120210102
211220220001222202221202101022
112202200012222022212021010221
122022000122220222120210102210
220220001222202221202101022101
202200012222022212021010221011
022000122220222120210102210112
220001222202221202101022101121
200012222022212021010221011212
000122220222120210102210112121
001222202221202101022101121211
012222022212021010221011212112
122220222120210102210112121121
222202221202101022101121211210
222022212021010221011212112100
220222120210102210112121121000
202221202101022101121211210002
022212021010221011212112100022
222120210102210112121121000220
221202101022101121211210002201
212021010221011212112100022012
120210102210112121121000220120
202101022101121211210002201201
021010221011212112100022012010
210102210112121121000220120100
11202101112102102210122010021
12021011121021022101220100211
20210111210210221012201002110
02101112102102210122010021101
21011121021022101220100211011
10111210210221012201002110110
01112102102210122010021101100
11121021022101220100211011002
11210210221012201002110110022
12102102210122010021101100220
21021022101220100211011002202
10210221012201002110110022022
02102210122010021101100220220
21022101220100211011002202201
10221012201002110110022022010
02210122010021101100220220100
22101220100211011002202201000
21012201002110110022022010000
10122010021101100220220100000
01220100211011002202201000000
12201002110110022022010000002
22010021101100220220100000020
20100211011002202201000000201
01002110110022022010000002012
10021101100220220100000020120
00211011002202201000000201200
02110110022022010000002012001
21101100220220100000020120011
11011002202201000000201200112
10110022022010000002012001122

200012211220220001222202221202
000122112202200012222022212021
001221122022000122220222120210
012211220220001222202221202101
122112202200012222022212021010
221122022000122220222120210102
211220220001222202221202101022
112202200012222022212021010221
122022000122220222120210102210
220220001222202221202101022101
202200012222022212021010221011
022000122220222120210102210112
220001222202221202101022101121
200012222022212021010221011212
000122220222120210102210112121
001222202221202101022101121211
012222022212021010221011212112
122220222120210102210112121121
222202221202101022101121211210
222022212021010221011212112100
220222120210102210112121121000
202221202101022101121211210002
022212021010221011212112100022
222120210102210112121121000220
221202101022101121211210002201
212021010221011212112100022012
120210102210112121121000220120
202101022101121211210002201201
021010221011212112100022012010
210102210112121121000220120100
11202101112102102210122010021
12021011121021022101220100211
20210111210210221012201002110
02101112102102210122010021101
21011121021022101220100211011
10111210210221012201002110110
01112102102210122010021101100
11121021022101220100211011002
11210210221012201002110110022
12102102210122010021101100220
21021022101220100211011002202
10210221012201002110110022022
02102210122010021101100220220
21022101220100211011002202201
10221012201002110110022022010
02210122010021101100220220100
22101220100211011002202201000
21012201002110110022022010000
10122010021101100220220100000
01220100211011002202201000000
12201002110110022022010000002
22010021101100220220100000020
20100211011002202201000000201
01002110110022022010000002012
10021101100220220100000020120
00211011002202201000000201200
02110110022022010000002012001
21101100220220100000020120011
11011002202201000000201200112
10110022022010000002012001122

200012211220220001222202221202
000122112202200012222022212021
001221122022000122220222120210
012211220220001222202221202101
122112202200012222022212021010
221122022000122220222120210102
211220220001222202221202101022
112202200012222022212021010221
122022000122220222120210102210
220220001222202221202101022101
202200012222022212021010221011
022000122220222120210102210112
220001222202221202101022101121
200012222022212021010221011212
000122220222120210102210112121
001222202221202101022101121211
012222022212021010221011212112
122220222120210102210112121121
222202221202101022101121211210
222022212021010221011212112100
220222120210102210112121121000
202221202101022101121211210002
022212021010221011212112100022
222120210102210112121121000220
221202101022101121211210002201
212021010221011212112100022012
120210102210112121121000220120
202101022101121211210002201201
021010221011212112100022012010
210102210112121121000220120100
11202101112102102210122010021
12021011121021022101220100211
20210111210210221012201002110
02101112102102210122010021101
21011121021022101220100211011
10111210210221012201002110110
01112102102210122010021101100
11121021022101220100211011002
11210210221012201002110110022
12102102210122010021101100220
21021022101220100211011002202
10210221012201002110110022022
02102210122010021101100220220
21022101220100211011002202201
10221012201002110110022022010
02210122010021101100220220100
22101220100211011002202201000
21012201002110110022022010000
10122010021101100220220100000
01220100211011002202201000000
12201002110110022022010000002
22010021101100220220100000020
20100211011002202201000000201
01002110110022022010000002012
10021101100220220100000020120
00211011002202201000000201200
02110110022022010000002012001
21101100220220100000020120011
11011002202201000000201200112
10110022022010000002012001122

200012211220220001222202221202
000122112202200012222022212021
001221122022000122220222120210
012211220220001222202221202101
122112202200012222022212021010
221122022000122220222120210102
211220220001222202221202101022
112202200012222022212021010221
122022000122220222120210102210
220220001222202221202101022101
202200012222022212021010221011
022000122220222120210102210112
220001222202221202101022101121
200012222022212021010221011212
000122220222120210102210112121
001222202221202101022101121211
012222022212021010221011212112
122220222120210102210112121121
222202221202101022101121211210
222022212021010221011212112100
220222120210102210112121121000
202221202101022101121211210002
022212021010221011212112100022
222120210102210112121121000220
221202101022101121211210002201
212021010221011212112100022012
120210102210112121121000220120
202101022101121211210002201201
021010221011212112100022012010
210102210112121121000220120100
11202101112102102210122010021
12021011121021022101220100211
20210111210210221012201002110
02101112102102210122010021101
21011121021022101220100211011
10111210210221012201002110110
01112102102210122010021101100
11121021022101220100211011002
11210210221012201002110110022
12102102210122010021101100220
21021022101220100211011002202
10210221012201002110110022022
02102210122010021101100220220
21022101220100211011002202201
10221012201002110110022022010
02210122010021101100220220100
22101220100211011002202201000
21012201002110110022022010000
10122010021101100220220100000
01220100211011002202201000000
12201002110110022022010000002
22010021101100220220100000020
20100211011002202201000000201
01002110110022022010000002012
10021101100220220100000020120
00211011002202201000000201200
02110110022022010000002012001
21101100220220100000020120011
11011002202201000000201200112
10110022022010000002012001122

200012211220220001222202221202
000122112202200012222022212021
001221122022000122220222120210
012211220220001222202221202101
122112202200012222022212021010
221122022000122220222120210102
211220220001222202221202101022
112202200012222022212021010221
122022000122220222120210102210
220220001222202221202101022101
202200012222022212021010221011
022000122220222120210102210112
220001222202221202101022101121
200012222022212021010221011212
000122220222120210102210112121
001222202221202101022101121211
012222022212021010221011212112
122220222120210102210112121121
222202221202101022101121211210
222022212021010221011212112100
220222120210102210112121121000
202221202101022101121211210002
022212021010221011212112100022
222120210102210112121121000220
221202101022101121211210002201
212021010221011212112100022012
120210102210112121121000220120
202101022101121211210002201201
021010221011212112100022012010
210102210112121121000220120100
11202101112102102210122010021
12021011121021022101220100211
20210111210210221012201002110
02101112102102210122010021101
21011121021022101220100211011
10111210210221012201002110110
01112102102210122010021101100
11121021022101220100211011002
11210210221012201002110110022
12102102210122010021101100220
21021022101220100211011002202
10210221012201002110110022022
02102210122010021101100220220
21022101220100211011002202201
10221012201002110110022022010
02210122010021101100220220100
22101220100211011002202201000
21012201002110110022022010000
10122010021101100220220100000
01220100211011002202201000000
12201002110110022022010000002
22010021101100220220100000020
20100211011002202201000000201
01002110110022022010000002012
10021101100220220100000020120
00211011002202201000000201200
02110110022022010000002012001
21101100220220100000020120011
11011002202201000000201200112
10110022022010000002012001122

200012211220220001222202221202
000122112202200012222022212021
001221122022000122220222120210
012211220220001222202221202101
122112202200012222022212021010
221122022000122220222120210102
211220220001222202221202101022
112202200012222022212021010221
122022000122220222120210102210
220220001222202221202101022101
202200012222022212021010221011
022000122220222120210102210112
220001222202221202101022101121
200012222022212021010221011212
000122220222120210102210112121
001222202221202101022101121211
012222022212021010221011212112
122220222120210102210112121121
222202221202101022101121211210
222022212021010221011212112100
220222120210102210112121121000
202221202101022101121211210002
022212021010221011212112100022
222120210102210112121121000220
221202101022101121211210002201
212021010221011212112100022012
120210102210112121121000220120
202101022101121211210002201201
021010221011212112100022012010
210102210112121121000220120100
11202101112102102210122010021
12021011121021022101220100211
20210111210210221012201002110
02101112102102210122010021101
21011121021022101220100211011
10111210210221012201002110110
01112102102210122010021101100
11121021022101220100211011002
11210210221012201002110110022
12102102210122010021101100220
21021022101220100211011002202
10210221012201002110110022022
02102210122010021101100220220
21022101220100211011002202201
10221012201002110110022022010
02210122010021101100220220100
22101220100211011002202201000
21012201002110110022022010000
10122010021101100220220100000
01220100211011002202201000000
12201002110110022022010000002
22010021101100220220100000020
20100211011002202201000000201
01002110110022022010000002012
10021101100220220100000020120
00211011002202201000000201200
02110110022022010000002012001
21101100220220100000020120011
11011002202201000000201200112
10110022022010000002012001122

200012211220220001222202221202
000122112202200012222022212021
001221122022000122220222120210
012211220220001222202221202101
122112202200012222022212021010
221122022000122220222120210102
211220220001222202221202101022
112202200012222022212021010221
122022000122220222120210102210
220220001222202221202101022101
202200012222022212021010221011
022000122220222120210102210112
220001222202221202101022101121
200012222022212021010221011212
000122220222120210102210112121
001222202221202101022101121211
012222022212021010221011212112
122220222120210102210112121121
222202221202101022101121211210
222022212021010221011212112100
220222120210102210112121121000
202221202101022101121211210002
022212021010221011212112100022
222120210102210112121121000220
221202101022101121211210002201
212021010221011212112100022012
120210102210112121121000220120
202101022101121211210002201201
021010221011212112100022012010
210102210112121121000220120100
11202101112102102210122010021
12021011121021022101220100211
20210111210210221012201002110
02101112102102210122010021101
21011121021022101220100211011
10111210210221012201002110110
01112102102210122010021101100
11121021022101220100211011002
11210210221012201002110110022
12102102210122010021101100220
21021022101220100211011002202
10210221012201002110110022022
02102210122010021101100220220
21022101220100211011002202201
10221012201002110110022022010
02210122010021101100220220100
22101220100211011002202201000
21012201002110110022022010000
10122010021101100220220100000
01220100211011002202201000000
12201002110110022022010000002
22010021101100220220100000020
20100211011002202201000000201
01002110110022022010000002012
10021101100220220100000020120
00211011002202201000000201200
02110110022022010000002012001
21101100220220100000020120011
11011002202201000000201200112
10110022022010000002012001122

200012211220220001222202221202
000122112202200012222022212021
001221122022000122220222120210
012211220220001222202221202101
122112202200012222022212021010
221122022000122220222120210102
211220220001222202221202101022
112202200012222022212021010221
122022000122220222120210102210
220220001222202221202101022101
202200012222022212021010221011
022000122220222120210102210112
220001222202221202101022101121
200012222022212021010221011212
000122220222120210102210112121
001222202221202101022101121211
012222022212021010221011212112
122220222120210102210112121121
222202221202101022101121211210
222022212021010221011212112100
220222120210102210112121121000
202221202101022101121211210002
022212021010221011212112100022
222120210102210112121121000220
221202101022101121211210002201
212021010221011212112100022012
120210102210112121121000220120
202101022101121211210002201201
021010221011212112100022012010
210102210112121121000220120100
11202101112102102210122010021
12021011121021022101220100211
20210111210210221012201002110
02101112102102210122010021101
21011121021022101220100211011
10111210210221012201002110110
01112102102210122010021101100
11121021022101220100211011002
11210210221012201002110110022
12102102210122010021101100220
21021022101220100211011002202
10210221012201002110110022022
02102210122010021101100220220
21022101220100211011002202201
10221012201002110110022022010
02210122010021101100220220100
22101220100211011002202201000
21012201002110110022022010000
10122010021101100220220100000
01220100211011002202201000000
12201002110110022022010000002
22010021101100220220100000020
20100211011002202201000000201
01002110110022022010000002012
10021101100220220100000020120
00211011002202201000000201200
02110110022022010000002012001
21101100220220100000020120011
11011002202201000000201200112
10110022022010000002012001122

200012211220220001222202221202
000122112202200012222022212021
001221122022000122220222120210
012211220220001222202221202101
122112202200012222022212021010
221122022000122220222120210102
211220220001222202221202101022
112202200012222022212021010221
122022000122220222120210102210
220220001222202221202101022101
202200012222022212021010221011
022000122220222120210102210112
220001222202221202101022101121
200012222022212021010221011212
000122220222120210102210112121
001222202221202101022101121211
012222022212021010221011212112
122220222120210102210112121121
222202221202101022101121211210
222022212021010221011212112100
220222120210102210112121121000
202221202101022101121211210002
022212021010221011212112100022
222120210102210112121121000220
221202101022101121211210002201
212021010221011212112100022012
120210102210112121121000220120
202101022101121211210002201201
021010221011212112100022012010
210102210112121121000220120100
11202101112102102210122010021
12021011121021022101220100211
20210111210210221012201002110
02101112102102210122010021101
21011121021022101220100211011
10111210210221012201002110110
01112102102210122010021101100
11121021022101220100211011002
11210210221012201002110110022
12102102210122010021101100220
21021022101220100211011002202
10210221012201002110110022022
02102210122010021101100220220
21022101220100211011002202201
10221012201002110110022022010
02210122010021101100220220100
22101220100211011002202201000
21012201002110110022022010000
10122010021101100220220100000
01220100211011002202201000000
12201002110110022022010000002
22010021101100220220100000020
20100211011002202201000000201
01002110110022022010000002012
10021101100220220100000020120
00211011002202201000000201200
02110110022022010000002012001
21101100220220100000020120011
11011002202201000000201200112
10110022022010000002012001122

200012211220220001222202221202
000122112202200012222022212021
001221122022000122220222120210
012211220220001222202221202101
122112202200012222022212021010
221122022000122220222120210102
211220220001222202221202101022
112202200012222022212021010221
122022000122220222120210102210
220220001222202221202101022101
202200012222022212021010221011
022000122220222120210102210112
220001222202221202101022101121
200012222022212021010221011212
000122220222120210102210112121
001222202221202101022101121211
012222022212021010221011212112
122220222120210102210112121121
222202221202101022101121211210
222022212021010221011212112100
220222120210102210112121121000
202221202101022101121211210002
022212021010221011212112100022
222120210102210112121121000220
221202101022101121211210002201
212021010221011212112100022012
120210102210112121121000220120
202101022101121211210002201201
021010221011212112100022012010
210102210112121121000220120100
11202101112102102210122010021
12021011121021022101220100211
20210111210210221012201002110
02101112102102210122010021101
21011121021022101220100211011
10111210210221012201002110110
01112102102210122010021101100
11121021022101220100211011002
11210210221012201002110110022
12102102210122010021101100220
21021022101220100211011002202
10210221012201002110110022022
02102210122010021101100220220
21022101220100211011002202201
10221012201002110110022022010
02210122010021101100220220100
22101220100211011002202201000
21012201002110110022022010000
10122010021101100220220100000
01220100211011002202201000000
12201002110110022022010000002
22010021101100220220100000020
20100211011002202201000000201
01002110110022022010000002012
10021101100220220100000020120
00211011002202201000000201200
02110110022022010000002012001
21101100220220100000020120011
11011002202201000000201200112
10110022022010000002012001122

200012211220220001222202221202
000122112202200012222022212021
001221122022000122220222120210
012211220220001222202221202101
122112202200012222022212021010
221122022000122220222120210102
211220220001222202221202101022
112202200012222022212021010221
122022000122220222120210102210
220220001222202221202101022101
202200012222022212021010221011
022000122220222120210102210112
220001222202221202101022101121
200012222022212021010221011212
000122220222120210102210112121
001222202221202101022101121211
012222022212021010221011212112
122220222120210102210112121121
222202221202101022101121211210
222022212021010221011212112100
220222120210102210112121121000
202221202101022101121211210002
022212021010221011212112100022
222120210102210112121121000220
221202101022101121211210002201
212021010221011212112100022012
120210102210112121121000220120
202101022101121211210002201201
021010221011212112100022012010
210102210112121121000220120100
11202101112102102210122010021
12021011121021022101220100211
20210111210210221012201002110
02101112102102210122010021101
21011121021022101220100211011
10111210210221012201002110110
01112102102210122010021101100
11121021022101220100211011002
11210210221012201002110110022
12102102210122010021101100220
21021022101220100211011002202
10210221012201002110110022022
02102210122010021101100220220
21022101220100211011002202201
10221012201002110110022022010
02210122010021101100220220100
22101220100211011002202201000
21012201002110110022022010000
10122010021101100220220100000
01220100211011002202201000000
12201002110110022022010000002
22010021101100220220100000020
20100211011002202201000000201
01002110110022022010000002012
10021101100220220100000020120
00211011002202201000000201200
02110110022022010000002012001
21101100220220100000020120011
11011002202201000000201200112
10110022022010000002012001122

200012211220220001222202221202
000122112202200012222022212021
001221122022000122220222120210
012211220220001222202221202101
122112202200012222022212021010
221122022000122220222120210102
211220220001222202221202101022
112202200012222022212021010221
122022000122220222120210102210
220220001222202221202101022101
202200012222022212021010221011
022000122220222120210102210112
220001222202221202101022101121
200012222022212021010221011212
000122220222120210102210112121
001222202221202101022101121211
012222022212021010221011212112
122220222120210102210112121121
222202221202101022101121211210
222022212021010221011212112100
220222120210102210112121121000
202221202101022101121211210002
022212021010221011212112100022
222120210102210112121121000220
221202101022101121211210002201
212021010221011212112100022012
120210102210112121121000220120
202101022101121211210002201201
021010221011212112100022012010
210102210112121121000220120100
11202101112102102210122010021
12021011121021022101220100211
20210111210210221012201002110
02101112102102210122010021101
21011121021022101220100211011
10111210210221012201002110110
01112102102210122010021101100
11121021022101220100211011002
11210210221012201002110110022
12102102210122010021101100220
21021022101220100211011002202
10210221012201002110110022022
02102210122010021101100220220
21022101220100211011002202201
10221012201002110110022022010
02210122010021101100220220100
22101220100211011002202201000
21012201002110110022022010000
10122010021101100220220100000
01220100211011002202201000000
12201002110110022022010000002
22010021101100220220100000020
20100211011002202201000000201
01002110110022022010000002012
10021101100220220100000020120
00211011002202201000000201200
02110110022022010000002012001
21101100220220100000020120011
11011002202201000000201200112
10110022022010000002012001122

200012211220220001222202221202
000122112202200012222022212021
001221122022000122220222120210
012211220220001222202221202101
122112202200012222022212021010
221122022000122220222120210102
211220220001222202221202101022
112202200012222022212021010221
122022000122220222120210102210
220220001222202221202101022101
202200012222022212021010221011
022000122220222120210102210112
220001222202221202101022101121
200012222022212021010221011212
000122220222120210102210112121
001222202221202101022101121211
012222022212021010221011212112
122220222120210102210112121121
222202221202101022101121211210
222022212021010221011212112100
220222120210102210112121121000
202221202101022101121211210002
022212021010221011212112100022
222120210102210112121121000220
221202101022101121211210002201
212021010221011212112100022012
120210102210112121121000220120
202101022101121211210002201201
021010221011212112100022012010
210102210112121121000220120100
11202101112102102210122010021
12021011121021022101220100211
20210111210210221012201002110
02101112102102210122010021101
21011121021022101220100211011
10111210210221012201002110110
01112102102210122010021101100
11121021022101220100211011002
11210210221012201002110110022
12102102210122010021101100220
21021022101220100211011002202
10210221012201002110110022022
02102210122010021101100220220
21022101220100211011002202201
10221012201002110110022022010
02210122010021101100220220100
22101220100211011002202201000
21012201002110110022022010000
10122010021101100220220100000
01220100211011002202201000000
12201002110110022022010000002
22010021101100220220100000020
20100211011002202201000000201
01002110110022022010000002012
10021101100220220100000020120
00211011002202201000000201200
02110110022022010000002012001
21101100220220100000020120011
11011002202201000000201200112
10110022022010000002012001122

200012211220220001222202221202
000122112202200012222022212021
001221122022000122220222120210
012211220220001222202221202101
122112202200012222022212021010
221122022000122220222120210102
211220220001222202221202101022
112202200012222022212021010221
122022000122220222120210102210
220220001222202221202101022101
202200012222022212021010221011
022000122220222120210102210112
220001222202221202101022101121
200012222022212021010221011212
000122220222120210102210112121
001222202221202101022101121211
012222022212021010221011212112
122220222120210102210112121121
222202221202101022101121211210
222022212021010221011212112100
220222120210102210112121121000
202221202101022101121211210002
022212021010221011212112100022
222120210102210112121121000220
221202101022101121211210002201
212021010221011212112100022012
120210102210112121121000220120
202101022101121211210002201201
021010221011212112100022012010
210102210112121121000220120100
11202101112102102210122010021
12021011121021022101220100211
20210111210210221012201002110
02101112102102210122010021101
21011121021022101220100211011
10111210210221012201002110110
01112102102210122010021101100
11121021022101220100211011002
11210210221012201002110110022
12102102210122010021101100220
21021022101220100211011002202
10210221012201002110110022022
02102210122010021101100220220
21022101220100211011002202201
10221012201002110110022022010
02210122010021101100220220100
22101220100211011002202201000
21012201002110110022022010000
10122010021101100220220100000
01220100211011002202201000000
12201002110110022022010000002
22010021101100220220100000020
20100211011002202201000000201
01002110110022022010000002012
10021101100220220100000020120
00211011002202201000000201200
02110110022022010000002012001
21101100220220100000020120011
11011002202201000000201200112
10110022022010000002012001122

200012211220220001222202221202
000122112202200012222022212021
001221122022000122220222120210
012211220220001222202221202101
122112202200012222022212021010
221122022000122220222120210102
211220220001222202221202101022
112202200012222022212021010221
122022000122220222120210102210
220220001222202221202101022101
202200012222022212021010221011
022000122220222120210102210112
220001222202221202101022101121
200012222022212021010221011212
000122220222120210102210112121
001222202221202101022101121211
012222022212021010221011212112
122220222120210102210112121121
222202221202101022101121211210
222022212021010221011212112100
220222120210102210112121121000
202221202101022101121211210002
022212021010221011212112100022
222120210102210112121121000220
221202101022101121211210002201
212021010221011212112100022012
120210102210112121121000220120
202101022101121211210002201201
021010221011212112100022012010
210102210112121121000220120100
11202101112102102210122010021
12021011121021022101220100211
20210111210210221012201002110
02101112102102210122010021101
21011121021022101220100211011
10111210210221012201002110110
01112102102210122010021101100
11121021022101220100211011002
11210210221012201002110110022
12102102210122010021101100220
21021022101220100211011002202
10210221012201002110110022022
02102210122010021101100220220
21022101220100211011002202201
10221012201002110110022022010
02210122010021101100220220100
22101220100211011002202201000
21012201002110110022022010000
10122010021101100220220100000
01220100211011002202201000000
12201002110110022022010000002
22010021101100220220100000020
20100211011002202201000000201
01002110110022022010000002012
10021101100220220100000020120
00211011002202201000000201200
02110110022022010000002012001
21101100220220100000020120011
11011002202201000000201200112
10110022022010000002012001122

200012211220220001222202221202
000122112202200012222022212021
001221122022000122220222120210
012211220220001222202221202101
122112202200012222022212021010
221122022000122220222120210102
211220220001222202221202101022
112202200012222022212021010221
122022000122220222120210102210
220220001222202221202101022101
202200012222022212021010221011
022000122220222120210102210112
220001222202221202101022101121
200012222022212021010221011212
000122220222120210102210112121
001222202221202101022101121211
012222022212021010221011212112
122220222120210102210112121121
222202221202101022101121211210
222022212021010221011212112100
220222120210102210112121121000
202221202101022101121211210002
022212021010221011212112100022
222120210102210112121121000220
221202101022101121211210002201
212021010221011212112100022012
120210102210112121121000220120
202101022101121211210002201201
021010221011212112100022012010
210102210112121121000220120100
11202101112102102210122010021
12021011121021022101220100211
20210111210210221012201002110
02101112102102210122010021101
21011121021022101220100211011
10111210210221012201002110110
01112102102210122010021101100
11121021022101220100211011002
11210210221012201002110110022
12102102210122010021101100220
21021022101220100211011002202
10210221012201002110110022022
02102210122010021101100220220
21022101220100211011002202201
10221012201002110110022022010
02210122010021101100220220100
22101220100211011002202201000
21012201002110110022022010000
10122010021101100220220100000
01220100211011002202201000000
12201002110110022022010000002
22010021101100220220100000020
20100211011002202201000000201
01002110110022022010000002012
10021101100220220100000020120
00211011002202201000000201200
02110110022022010000002012001
21101100220220100000020120011
11011002202201000000201200112
10110022022010000002012001122

200012211220220001222202221202
000122112202200012222022212021
001221122022000122220222120210
012211220220001222202221202101
122112202200012222022212021010
221122022000122220222120210102
211220220001222202221202101022
112202200012222022212021010221
122022000122220222120210102210
220220001222202221202101022101
202200012222022212021010221011
022000122220222120210102210112
220001222202221202101022101121
200012222022212021010221011212
000122220222120210102210112121
001222202221202101022101121211
012222022212021010221011212112
122220222120210102210112121121
222202221202101022101121211210
222022212021010221011212112100
220222120210102210112121121000
202221202101022101121211210002
022212021010221011212112100022
222120210102210112121121000220
221202101022101121211210002201
212021010221011212112100022012
120210102210112121121000220120
202101022101121211210002201201
021010221011212112100022012010
210102210112121121000220120100
11202101112102102210122010021
12021011121021022101220100211
20210111210210221012201002110
02101112102102210122010021101
21011121021022101220100211011
10111210210221012201002110110
01112102102210122010021101100
11121021022101220100211011002
11210210221012201002110110022
12102102210122010021101100220
21021022101220100211011002202
10210221012201002110110022022
02102210122010021101100220220
21022101220100211011002202201
10221012201002110110022022010
02210122010021101100220220100
22101220100211011002202201000
21012201002110110022022010000
10122010021101100220220100000
01220100211011002202201000000
12201002110110022022010000002
22010021101100220220100000020
20100211011002202201000000201
01002110110022022010000002012
10021101100220220100000020120
00211011002202201000000201200
02110110022022010000002012001
21101100220220100000020120011
11011002202201000000201200112
10110022022010000002012001122

200012211220220001222202221202
000122112202200012222022212021
001221122022000122220222120210
012211220220001222202221202101
122112202200012222022212021010
221122022000122220222120210102
211220220001222202221202101022
112202200012222022212021010221
122022000122220222120210102210
220220001222202221202101022101
202200012222022212021010221011
022000122220222120210102210112
220001222202221202101022101121
200012222022212021010221011212
000122220222120210102210112121
001222202221202101022101121211
012222022212021010221011212112
122220222120210102210112121121
222202221202101022101121211210
222022212021010221011212112100
220222120210102210112121121000
202221202101022101121211210002
022212021010221011212112100022
222120210102210112121121000220
221202101022101121211210002201
212021010221011212112100022012
120210102210112121121000220120
202101022101121211210002201201
021010221011212112100022012010
210102210112121121000220120100
11202101112102102210122010021
12021011121021022101220100211
20210111210210221012201002110
02101112102102210122010021101
21011121021022101220100211011
10111210210221012201002110110
01112102102210122010021101100
11121021022101220100211011002
11210210221012201002110110022
12102102210122010021101100220
21021022101220100211011002202
10210221012201002110110022022
02102210122010021101100220220
21022101220100211011002202201
10221012201002110110022022010
02210122010021101100220220100
22101220100211011002202201000
21012201002110110022022010000
10122010021101100220220100000
01220100211011002202201000000
12201002110110022022010000002
22010021101100220220100000020
20100211011002202201000000201
01002110110022022010000002012
10021101100220220100000020120
00211011002202201000000201200
02110110022022010000002012001
21101100220220100000020120011
11011002202201000000201200112
10110022022010000002012001122

200012211220220001222202221202
000122112202200012222022212021
001221122022000122220222120210
012211220220001222202221202101
122112202200012222022212021010
221122022000122220222120210102
211220220001222202221202101022
112202200012222022212021010221
122022000122220222120210102210
220220001222202221202101022101
202200012222022212021010221011
022000122220222120210102210112
220001222202221202101022101121
200012222022212021010221011212
000122220222120210102210112121
001222202221202101022101121211
012222022212021010221011212112
122220222120210102210112121121
222202221202101022101121211210
222022212021010221011212112100
220222120210102210112121121000
202221202101022101121211210002
022212021010221011212112100022
222120210102210112121121000220
221202101022101121211210002201
212021010221011212112100022012
120210102210112121121000220120
202101022101121211210002201201
021010221011212112100022012010
210102210112121121000220120100
11202101112102102210122010021
12021011121021022101220100211
20210111210210221012201002110
02101112102102210122010021101
21011121021022101220100211011
10111210210221012201002110110
01112102102210122010021101100
11121021022101220100211011002
11210210221012201002110110022
12102102210122010021101100220
21021022101220100211011002202
10210221012201002110110022022
02102210122010021101100220220
21022101220100211011002202201
10221012201002110110022022010
02210122010021101100220220100
22101220100211011002202201000
21012201002110110022022010000
10122010021101100220220100000
01220100211011002202201000000
12201002110110022022010000002
22010021101100220220100000020
20100211011002202201000000201
01002110110022022010000002012
10021101100220220100000020120
00211011002202201000000201200
02110110022022010000002012001
21101100220220100000020120011
11011002202201000000201200112
10110022022010000002012001122

200012211220220001222202221202
000122112202200012222022212021
001221122022000122220222120210
012211220220001222202221202101
122112202200012222022212021010
221122022000122220222120210102
211220220001222202221202101022
112202200012222022212021010221
122022000122220222120210102210
220220001222202221202101022101
202200012222022212021010221011
022000122220222120210102210112
220001222202221202101022101121
200012222022212021010221011212
000122220222120210102210112121
001222202221202101022101121211
012222022212021010221011212112
122220222120210102210112121121
222202221202101022101121211210
222022212021010221011212112100
220222120210102210112121121000
202221202101022101121211210002
022212021010221011212112100022
222120210102210112121121000220
221202101022101121211210002201
212021010221011212112100022012
120210102210112121121000220120
202101022101121211210002201201
021010221011212112100022012010
210102210112121121000220120100
11202101112102102210122010021
12021011121021022101220100211
20210111210210221012201002110
02101112102102210122010021101
21011121021022101220100211011
10111210210221012201002110110
01112102102210122010021101100
11121021022101220100211011002
11210210221012201002110110022
12102102210122010021101100220
21021022101220100211011002202
10210221012201002110110022022
02102210122010021101100220220
21022101220100211011002202201
10221012201002110110022022010
02210122010021101100220220100
22101220100211011002202201000
21012201002110110022022010000
10122010021101100220220100000
01220100211011002202201000000
12201002110110022022010000002
22010021101100220220100000020
20100211011002202201000000201
01002110110022022010000002012
10021101100220220100000020120
00211011002202201000000201200
02110110022022010000002012001
21101100220220100000020120011
11011002202201000000201200112
10110022022010000002012001122

200012211220220001222202221202
000122112202200012222022212021
001221122022000122220222120210
012211220220001222202221202101
122112202200012222022212021010
221122022000122220222120210102
211220220001222202221202101022
112202200012222022212021010221
122022000122220222120210102210
220220001222202221202101022101
202200012222022212021010221011
022000122220222120210102210112
220001222202221202101022101121
200012222022212021010221011212
000122220222120210102210112121
001222202221202101022101121211
012222022212021010221011212112
122220222120210102210112121121
222202221202101022101121211210
222022212021010221011212112100
220222120210102210112121121000
202221202101022101121211210002
022212021010221011212112100022
222120210102210112121121000220
221202101022101121211210002201
212021010221011212112100022012
120210102210112121121000220120
202101022101121211210002201201
021010221011212112100022012010
210102210112121121000220120100
11202101112102102210122010021
12021011121021022101220100211
20210111210210221012201002110
02101112102102210122010021101
21011121021022101220100211011
10111210210221012201002110110
01112102102210122010021101100
11121021022101220100211011002
11210210221012201002110110022
12102102210122010021101100220
21021022101220100211011002202
10210221012201002110110022022
02102210122010021101100220220
21022101220100211011002202201
10221012201002110110022022010
02210122010021101100220220100
22101220100211011002202201000
21012201002110110022022010000
10122010021101100220220100000
01220100211011002202201000000
12201002110110022022010000002
22010021101100220220100000020
20100211011002202201000000201
01002110110022022010000002012
10021101100220220100000020120
00211011002202201000000201200
02110110022022010000002012001
21101100220220100000020120011
11011002202201000000201200112
10110022022010000002012001122

200012211220220001222202221202
000122112202200012222022212021
001221122022000122220222120210
012211220220001222202221202101
122112202200012222022212021010
221122022000122220222120210102
211220220001222202221202101022
112202200012222022212021010221
122022000122220222120210102210
220220001222202221202101022101
202200012222022212021010221011
022000122220222120210102210112
220001222202221202101022101121
200012222022212021010221011212
000122220222120210102210112121
001222202221202101022101121211
012222022212021010221011212112
122220222120210102210112121121
222202221202101022101121211210
222022212021010221011212112100
220222120210102210112121121000
202221202101022101121211210002
022212021010221011212112100022
222120210102210112121121000220
221202101022101121211210002201
212021010221011212112100022012
120210102210112121121000220120
202101022101121211210002201201
021010221011212112100022012010
210102210112121121000220120100
11202101112102102210122010021
12021011121021022101220100211
20210111210210221012201002110
02101112102102210122010021101
21011121021022101220100211011
10111210210221012201002110110
01112102102210122010021101100
11121021022101220100211011002
11210210221012201002110110022
12102102210122010021101100220
21021022101220100211011002202
10210221012201002110110022022
02102210122010021101100220220
21022101220100211011002202201
10221012201002110110022022010
02210122010021101100220220100
22101220100211011002202201000
21012201002110110022022010000
10122010021101100220220100000
01220100211011002202201000000
12201002110110022022010000002
22010021101100220220100000020
20100211011002202201000000201
01002110110022022010000002012
10021101100220220100000020120
00211011002202201000000201200
02110110022022010000002012001
21101100220220100000020120011
11011002202201000000201200112
10110022022010000002012001122

200012211220220001222202221202
000122112202200012222022212021
001221122022000122220222120210
012211220220001222202221202101
122112202200012222022212021010
221122022000122220222120210102
211220220001222202221202101022
112202200012222022212021010221
122022000122220222120210102210
220220001222202221202101022101
202200012222022212021010221011
022000122220222120210102210112
220001222202221202101022101121
200012222022212021010221011212
000122220222120210102210112121
001222202221202101022101121211
012222022212021010221011212112
122220222120210102210112121121
222202221202101022101121211210
222022212021010221011212112100
220222120210102210112121121000
202221202101022101121211210002
022212021010221011212112100022
222120210102210112121121000220
221202101022101121211210002201
212021010221011212112100022012
120210102210112121121000220120
202101022101121211210002201201
021010221011212112100022012010
210102210112121121000220120100
11202101112102102210122010021
12021011121021022101220100211
20210111210210221012201002110
02101112102102210122010021101
21011121021022101220100211011
10111210210221012201002110110
01112102102210122010021101100
11121021022101220100211011002
11210210221012201002110110022
12102102210122010021101100220
21021022101220100211011002202
10210221012201002110110022022
02102210122010021101100220220
21022101220100211011002202201
10221012201002110110022022010
02210122010021101100220220100
22101220100211011002202201000
21012201002110110022022010000
10122010021101100220220100000
01220100211011002202201000000
12201002110110022022010000002
22010021101100220220100000020
20100211011002202201000000201
01002110110022022010000002012
10021101100220220100000020120
00211011002202201000000201200
02110110022022010000002012001
21101100220220100000020120011
11011002202201000000201200112
10110022022010000002012001122

200012211220220001222202221202
000122112202200012222022212021
001221122022000122220222120210
012211220220001222202221202101
122112202200012222022212021010
221122022000122220222120210102
211220220001222202221202101022
112202200012222022212021010221
122022000122220222120210102210
220220001222202221202101022101
202200012222022212021010221011
022000122220222120210102210112
220001222202221202101022101121
200012222022212021010221011212
000122220222120210102210112121
001222202221202101022101121211
012222022212021010221011212112
122220222120210102210112121121
222202221202101022101121211210
222022212021010221011212112100
220222120210102210112121121000
202221202101022101121211210002
022212021010221011212112100022
222120210102210112121121000220
221202101022101121211210002201
212021010221011212112100022012
120210102210112121121000220120
202101022101121211210002201201
021010221011212112100022012010
210102210112121121000220120100
11202101112102102210122010021
12021011121021022101220100211
20210111210210221012201002110
02101112102102210122010021101
21011121021022101220100211011
10111210210221012201002110110
01112102102210122010021101100
11121021022101220100211011002
11210210221012201002110110022
12102102210122010021101100220
21021022101220100211011002202
10210221012201002110110022022
02102210122010021101100220220
21022101220100211011002202201
10221012201002110110022022010
02210122010021101100220220100
22101220100211011002202201000
21012201002110110022022010000
10122010021101100220220100000
01220100211011002202201000000
12201002110110022022010000002
22010021101100220220100000020
20100211011002202201000000201
01002110110022022010000002012
10021101100220220100000020120
00211011002202201000000201200
02110110022022010000002012001
21101100220220100000020120011
11011002202201000000201200112
10110022022010000002012001122

200012211220220001222202221202
000122112202200012222022212021
001221122022000122220222120210
012211220220001222202221202101
122112202200012222022212021010
221122022000122220222120210102
211220220001222202221202101022
112202200012222022212021010221
122022000122220222120210102210
220220001222202221202101022101
202200012222022212021010221011
022000122220222120210102210112
220001222202221202101022101121
200012222022212021010221011212
000122220222120210102210112121
001222202221202101022101121211
012222022212021010221011212112
122220222120210102210112121121
222202221202101022101121211210
222022212021010221011212112100
220222120210102210112121121000
202221202101022101121211210002
022212021010221011212112100022
222120210102210112121121000220
221202101022101121211210002201
212021010221011212112100022012
120210102210112121121000220120
202101022101121211210002201201
021010221011212112100022012010
210102210112121121000220120100
11202101112102102210122010021
12021011121021022101220100211
20210111210210221012201002110
02101112102102210122010021101
21011121021022101220100211011
10111210210221012201002110110
01112102102210122010021101100
11121021022101220100211011002
11210210221012201002110110022
12102102210122010021101100220
21021022101220100211011002202
10210221012201002110110022022
02102210122010021101100220220
21022101220100211011002202201
10221012201002110110022022010
02210122010021101100220220100
22101220100211011002202201000
21012201002110110022022010000
10122010021101100220220100000
01220100211011002202201000000
12201002110110022022010000002
22010021101100220220100000020
20100211011002202201000000201
01002110110022022010000002012
10021101100220220100000020120
00211011002202201000000201200
02110110022022010000002012001
21101100220220100000020120011
11011002202201000000201200112
10110022022010000002012001122

200012211220220001222202221202
000122112202200012222022212021
001221122022000122220222120210
012211220220001222202221202101
122112202200012222022212021010
221122022000122220222120210102
211220220001222202221202101022
112202200012222022212021010221
122022000122220222120210102210
220220001222202221202101022101
202200012222022212021010221011
022000122220222120210102210112
220001222202221202101022101121
200012222022212021010221011212
000122220222120210102210112121
001222202221202101022101121211
012222022212021010221011212112
122220222120210102210112121121
222202221202101022101121211210
222022212021010221011212112100
220222120210102210112121121000
202221202101022101121211210002
022212021010221011212112100022
222120210102210112121121000220
221202101022101121211210002201
212021010221011212112100022012
120210102210112121121000220120
202101022101121211210002201201
021010221011212112100022012010
210102210112121121000220120100
11202101112102102210122010021
12021011121021022101220100211
20210111210210221012201002110
02101112102102210122010021101
21011121021022101220100211011
10111210210221012201002110110
01112102102210122010021101100
11121021022101220100211011002
11210210221012201002110110022
12102102210122010021101100220
21021022101220100211011002202
10210221012201002110110022022
02102210122010021101100220220
21022101220100211011002202201
10221012201002110110022022010
02210122010021101100220220100
22101220100211011002202201000
21012201002110110022022010000
10122010021101100220220100000
01220100211011002202201000000
12201002110110022022010000002
22010021101100220220100000020
20100211011002202201000000201
01002110110022022010000002012
10021101100220220100000020120
00211011002202201000000201200
02110110022022010000002012001
21101100220220100000020120011
11011002202201000000201200112
10110022022010000002012001122

200012211220220001222201221202
000122112202200012222012212021
001221122022000122220122120210
012211220220001222201221202101
122112202200012222012212021010
221122022000122220122120210102
211220220001222201221202101022
112202200012222012212021010221
122022000122220122120210102210
220220001222201221202101022101
202200012222012212021010221011
022000122220122120210102210112
220001222201221202101022101121
200012222012212021010221011212
000122220122120210102210112121
001222201221202101022101121211
012222012212021010221011212112
122220122120210102210112121121
222201221202101022101121211210
222012212021010221011212112100
220122120210102210112121121000
201221202101022101121211210002
012212021010221011212112100022
122120210102210112121121000220
221202101022101121211210002201
212021010221011212112100022012
120210102210112121121000220120
202101022101121211210002201201
021010221011212112100022012010
210102210112121121000220120100
11202101112102102210122010021
12021011121021022101220100211
20210111210210221012201002110
02101112102102210122010021101
21011121021022101220100211011
10111210210221012201002110110
01112102102210122010021101100
11121021022101220100211011002
11210210221012201002110110022
12102102210122010021101100220
21021022101220100211011002202
10210221012201002110110022022
02102210122010021101100220220
21022101220100211011002202201
10221012201002110110022022010
02210122010021101100220220100
22101220100211011002202201000
21012201002110110022022010000
10122010021101100220220100000
01220100211011002202201000000
12201002110110022022010000002
22010021101100220220100000020
20100211011002202201000000201
01002110110022022010000002012
10021101100220220100000020120
00211011002202201000000201200
02110110022022010000002012001
21101100220220100000020120011
11011002202201000000201200112
10110022022010000002012001122

200012211220220001222202221202
000122112202200012222022212021
001221122022000122220222120210
012211220220001222202221202101
122112202200012222022212021010
221122022000122220222120210102
211220220001222202221202101022
112202200012222022212021010221
122022000122220222120210102210
220220001222202221202101022101
202200012222022212021010221011
022000122220222120210102210112
220001222202221202101022101121
200012222022212021010221011212
000122220222120210102210112121
001222202221202101022101121211
012222022212021010221011212112
122220222120210102210112121121
222202221202101022101121211210
222022212021010221011212112100
220222120210102210112121121000
202221202101022101121211210002
022212021010221011212112100022
222120210102210112121121000220
221202101022101121211210002201
212021010221011212112100022012
120210102210112121121000220120
202101022101121211210002201201
021010221011212112100022012010
210102210112121121000220120100
11202101112102102210122010021
12021011121021022101220100211
20210111210210221012201002110
02101112102102210122010021101
21011121021022101220100211011
10111210210221012201002110110
01112102102210122010021101100
11121021022101220100211011002
11210210221012201002110110022
12102102210122010021101100220
21021022101220100211011002202
10210221012201002110110022022
02102210122010021101100220220
21022101220100211011002202201
10221012201002110110022022010
02210122010021101100220220100
22101220100211011002202201000
21012201002110110022022010000
10122010021101100220220100000
01220100211011002202201000000
12201002110110022022010000002
22010021101100220220100000020
20100211011002202201000000201
01002110110022022010000002012
10021101100220220100000020120
00211011002202201000000201200
02110110022022010000002012001
21101100220220100000020120011
11011002202201000000201200112
10110022022010000002012001122

200012211220220001222202221202
000122112202200012222022212021
001221122022000122220222120210
012211220220001222202221202101
122112202200012222022212021010
221122022000122220222120210102
211220220001222202221202101022
112202200012222022212021010221
122022000122220222120210102210
220220001222202221202101022101
202200012222022212021010221011
022000122220222120210102210112
220001222202221202101022101121
200012222022212021010221011212
000122220222120210102210112121
001222202221202101022101121211
012222022212021010221011212112
122220222120210102210112121121
222202221202101022101121211210
222022212021010221011212112100
220222120210102210112121121000
202221202101022101121211210002
022212021010221011212112100022
222120210102210112121121000220
221202101022101121211210002201
212021010221011212112100022012
120210102210112121121000220120
202101022101121211210002201201
021010221011212112100022012010
210102210112121121000220120100
11202101112102102210122010021
12021011121021022101220100211
20210111210210221012201002110
02101112102102210122010021101
21011121021022101220100211011
10111210210221012201002110110
01112102102210122010021101100
11121021022101220100211011002
11210210221012201002110110022
12102102210122010021101100220
21021022101220100211011002202
10210221012201002110110022022
02102210122010021101100220220
21022101220100211011002202201
10221012201002110110022022010
02210122010021101100220220100
22101220100211011002202201000
21012201002110110022022010000
10122010021101100220220100000
01220100211011002202201000000
12201002110110022022010000002
22010021101100220220100000020
20100211011002202201000000201
01002110110022022010000002012
10021101100220220100000020120
00211011002202201000000201200
02110110022022010000002012001
21101100220220100000020120011
11011002202201000000201200112
10110022022010000002012001122

