Generation 699:
21211212200220012102
12112122002200121022
21121220022001210221
11212200220012102212
12122002200121022121
21220022001210221212
12200220012102212120
22002200121022121200
20022001210221212001
00220012102212120011
02200121022121200110
22001210221212001101
20012102212120011011
00121022121200110110
01210221212001101102
12102212120011011022
21022121200110110220
10221212001101102202
02212120011011022020
22121200110110220200
0000102212012210012
0001022120122100121
0010221201221001210
0102212012210012101
1022120122100121010
0221201221001210100
2212012210012101001
2120122100121010010
1201221001210100100
2012210012101001002
0122100121010010021
1221001210100100212
2210012101001002121
2100121010010021212
1001210100100212122
0012101001002121220
0121010010021212200
1210100100212122002
2101001002121220022
1010010021212200221

21002202102120012001
10022021021200120012
00220210212001200121
02202102120012001211
22021021200120012111
20210212001200121112
02102120012001211121
21021200120012111210
10212001200121112100
02120012001211121001
21200120012111210010
12001200121112100102
20012001211121001021
00120012111210010210
01200121112100102102
12001211121001021022
20012111210010210220
00121112100102102202
01211121001021022022
12111210010210220220
1200001212212210012
2000012122122100121
0000121221221001210
0001212212210012101
0012122122100121011
0121221221001210110
1212212210012101102
2122122100121011020
1221221001210110200
2212210012101102002
2122100121011020021
1221001210110200212
2210012101102002121
2100121011020021211
1001210110200212111
0012101102002121110
0121011020021211100
1210110200212111002
2101102002121110022
1011020021211100222

21002202102120012000
10022021021200120002
00220210212001200021
02202102120012000211
22021021200120002111
20210212001200021112
02102120012000211121
21021200120002111212
10212001200021112120
02120012000211121201
21200120002111212010
12001200021112120101
20012000211121201011
00120002111212010112
01200021112120101121
12000211121201011212
20002111212010112120
00021112120101121202
00211121201011212022
02111212010112120220
1100020202212210012
1000202022122100121
0002020221221001210
0020202212210012101
0202022122100121010
2020221221001210100
0202212210012101001
2022122100121010010
0221221001210100100
2212210012101001002
2122100121010010020
1221001210100100202
2210012101001002021
2100121010010020212
1001210100100202122
0012101001002021220
0121010010020212200
1210100100202122000
2101001002021220002
1010010020212200021

21012202100020012020
10122021000200120202
01220210002001202021
12202100020012020212
22021000200120202122
20210002001202021222
02100020012020212220
21000200120202122200
10002001202021222000
00020012020212220001
00200120202122200012
02001202021222000121
20012020212220001210
00120202122200012102
01202021222000121021
12020212220001210210
20202122200012102100
02021222000121021002
20212220001210210020
02122200012102100200
1100000212222210012
1000002122222100121
0000021222221001210
0000212222210012101
0002122222100121010
0021222221001210100
0212222210012101002
2122222100121010020
1222221001210100200
2222210012101002001
2222100121010020011
2221001210100200112
2210012101002001121
2100121010020011212
1001210100200112121
0012101002001121210
0121010020011212100
1210100200112121000
2101002001121210002
1010020011212100021

21202202100120012220
12022021001200122202
20220210012001222021
02202100120012220211
22021001200122202111
20210012001222021112
02100120012220211121
21001200122202111212
10012001222021112121
00120012220211121212
01200122202111212122
12001222021112121221
20012220211121212211
00122202111212122110
01222021112121221102
12220211121212211020
22202111212122110200
22021112121221102002
20211121212211020020
02111212122110200200
0000000202212210012
0000002022122100121
0000020221221001210
0000202212210012101
0002022122100121010
0020221221001210102
0202212210012101022
2022122100121010220
0221221001210102202
2212210012101022022
2122100121010220220
1221001210102202202
2210012101022022022
2100121010220220222
1001210102202202222
0012101022022022220
0121010220220222200
1210102202202222000
2101022022022220002
1010220220222200021

21211202100120012221
12112021001200122212
21120210012001222121
11202100120012221212
12021001200122212121
20210012001222121212
02100120012221212121
21001200122212121210
10012001222121212101
00120012221212121011
01200122212121210112
12001222121212101121
20012221212121011211
00122212121210112110
01222121212101121102
12221212121011211022
22212121210112110220
22121212101121102202
21212121011211022020
12121210112110220200
0200000212212210012
2000002122122100121
0000021221221001210
0000212212210012101
0002122122100121011
0021221221001210112
0212212210012101122
2122122100121011220
1221221001210112202
2212210012101122021
2122100121011220210
1221001210112202102
2210012101122021021
2100121011220210212
1001210112202102121
0012101122021021210
0121011220210212100
1210112202102121002
2101122021021210022
1011220210212100221

21111202100120212201
11112021001202122012
11120210012021220121
11202100120212201212
12021001202122012121
20210012021220121212
02100120212201212120
21001202122012121200
10012021220121212001
00120212201212120011
01202122012121200112
12021220121212001121
20212201212120011211
02122012121200112110
21220121212001121102
12201212120011211022
22012121200112110220
20121212001121102202
01212120011211022020
12121200112110220200
0000000212012210012
0000002120122100121
0000021201221001210
0000212012210012101
0002120122100121011
0021201221001210112
0212012210012101121
2120122100121011210
1201221001210112100
2012210012101121001
0122100121011210011
1221001210112100112
2210012101121001122
2100121011210011222
1001210112100112222
0012101121001122220
0121011210011222200
1210112100112222000
2101121001122220002
1011210011222200021

21211202100120012201
12112021001200122012
21120210012001220121
11202100120012201212
12021001200122012121
20210012001220121212
02100120012201212121
21001200122012121210
10012001220121212101
00120012201212121011
01200122012121210112
12001220121212101121
20012201212121011211
00122012121210112110
01220121212101121102
12201212121011211022
22012121210112110220
20121212101121102202
01212121011211022020
12121210112110220200
0000000212222210012
0000002122222100121
0000021222221001210
0000212222210012101
0002122222100121011
0021222221001210112
0212222210012101122
2122222100121011220
1222221001210112202
2222210012101122021
2222100121011220210
2221001210112202102
2210012101122021022
2100121011220210222
1001210112202102222
0012101122021022220
0121011220210222200
1210112202102222000
2101122021022220002
1011220210222200021

21211202100020012001
12112021000200120012
21120210002001200121
11202100020012001212
12021000200120012122
20210002001200121222
02100020012001212220
21000200120012122202
10002001200121222021
00020012001212220211
00200120012122202112
02001200121222021121
20012001212220211210
00120012122202112100
01200121222021121002
12001212220211210022
20012122202112100220
00121222021121002202
01212220211210022020
12122202112100220200
0200000212222210012
2000002122222100121
0000021222221001210
0000212222210012101
0002122222100121011
0021222221001210112
0212222210012101122
2122222100121011220
1222221001210112202
2222210012101122021
2222100121011220211
2221001210112202112
2210012101122021121
2100121011220211212
1001210112202112121
0012101122021121210
0121011220211212100
1210112202112121002
2101122021121210022
1011220211212100221

20002202100120212021
00022021001202120212
00220210012021202121
02202100120212021212
22021001202120212122
20210012021202121222
02100120212021212220
21001202120212122202
10012021202121222021
00120212021212220210
01202120212122202102
12021202121222021021
20212021212220210211
02120212122202102110
21202121222021021102
12021212220210211020
20212122202102110200
02121222021021102002
21212220210211020022
12122202102110200220
1200000212221210012
2000002122212100121
0000021222121001210
0000212221210012101
0002122212100121012
0021222121001210122
0212221210012101222
2122212100121012220
1222121001210122202
2221210012101222022
2212100121012220221
2121001210122202212
1210012101222022120
2100121012220221201
1001210122202212011
0012101222022120110
0121012220221201100
1210122202212011000
2101222022120110002
1012220221201100021

21212202100020012221
12122021000200122212
21220210002001222121
12202100020012221212
22021000200122212122
20210002001222121222
02100020012221212221
21000200122212122210
10002001222121222101
00020012221212221011
00200122212122210112
02001222121222101121
20012221212221011210
00122212122210112100
01222121222101121002
12221212221011210022
22212122210112100220
22121222101121002202
21212221011210022020
12122210112100220200
0200000212212210012
2000002122122100121
0000021221221001210
0000212212210012101
0002122122100121011
0021221221001210112
0212212210012101121
2122122100121011210
1221221001210112102
2212210012101121021
2122100121011210210
1221001210112102102
2210012101121021021
2100121011210210212
1001210112102102121
0012101121021021210
0121011210210212100
1210112102102121002
2101121021021210022
1011210210212100221

21212202100120012221
12122021001200122212
21220210012001222121
12202100120012221212
22021001200122212121
20210012001222121212
02100120012221212121
21001200122212121212
10012001222121212121
00120012221212121212
01200122212121212122
12001222121212121221
20012221212121212211
00122212121212122112
01222121212121221122
12221212121212211220
22212121212122112200
22121212121221122002
21212121212211220020
12121212122112200200
0000000202222210012
0000002022222100121
0000020222221001210
0000202222210012101
0002022222100121011
0020222221001210112
0202222210012101120
2022222100121011200
0222221001210112000
2222210012101120001
2222100121011200011
2221001210112000112
2210012101120001121
2100121011200011212
1001210112000112122
0012101120001121220
0121011200011212200
1210112000112122000
2101120001121220002
1011200011212200021

21201202100120012001
12012021001200120012
20120210012001200121
01202100120012001212
12021001200120012121
20210012001200121212
02100120012001212121
21001200120012121210
10012001200121212100
00120012001212121001
01200120012121210012
12001200121212100121
20012001212121001211
00120012121210012112
01200121212100121122
12001212121001211222
20012121210012112220
00121212100121122202
01212121001211222020
12121210012112220200
1000000212012210012
0000002120122100121
0000021201221001210
0000212012210012101
0002120122100121011
0021201221001210112
0212012210012101120
2120122100121011200
1201221001210112000
2012210012101120001
0122100121011200011
1221001210112000112
2210012101120001122
2100121011200011222
1001210112000112222
0012101120001122220
0121011200011222200
1210112000112222000
2101120001122220002
1011200011222200022

21202202102120012201
12022021021200122012
20220210212001220121
02202102120012201211
22021021200122012111
20210212001220121112
02102120012201211121
21021200122012111212
10212001220121112121
02120012201211121211
21200122012111212112
12001220121112121121
20012201211121211211
00122012111212112110
01220121112121121102
12201211121211211022
22012111212112110220
20121112121121102202
01211121211211022022
12111212112110220220
0200000202212210012
2000002022122100121
0000020221221001210
0000202212210012101
0002022122100121010
0020221221001210102
0202212210012101022
2022122100121010220
0221221001210102202
2212210012101022022
2122100121010220220
1221001210102202202
2210012101022022021
2100121010220220212
1001210102202202122
0012101022022021220
0121010220220212200
1210102202202122002
2101022022021220022
1010220220212200222

21212202100120012201
12122021001200122012
21220210012001220121
12202100120012201212
22021001200122012121
20210012001220121212
02100120012201212121
21001200122012121210
10012001220121212101
00120012201212121011
01200122012121210112
12001220121212101121
20012201212121011211
00122012121210112110
01220121212101121102
12201212121011211022
22012121210112110220
20121212101121102202
01212121011211022020
12121210112110220200
0200000212222210012
2000002122222100121
0000021222221001210
0000212222210012101
0002122222100121011
0021222221001210112
0212222210012101122
2122222100121011220
1222221001210112200
2222210012101122001
2222100121011220011
2221001210112200112
2210012101122001121
2100121011220011212
1001210112200112121
0012101122001121210
0121011220011212100
1210112200112121002
2101122001121210022
1011220011212100222

21212202100020012221
12122021000200122212
21220210002001222121
12202100020012221212
22021000200122212122
20210002001222121222
02100020012221212221
21000200122212122210
10002001222121222101
00020012221212221011
00200122212122210112
02001222121222101121
20012221212221011210
00122212122210112100
01222121222101121002
12221212221011210020
22212122210112100200
22121222101121002002
21212221011210020020
12122210112100200200
0200000212222210012
2000002122222100121
0000021222221001210
0000212222210012101
0002122222100121010
0021222221001210102
0212222210012101022
2122222100121010220
1222221001210102202
2222210012101022021
2222100121010220211
2221001210102202112
2210012101022021121
2100121010220211212
1001210102202112121
0012101022021121210
0121010220211212100
1210102202112121002
2101022021121210022
1010220211212100221

21111202100120212201
11112021001202122012
11120210012021220121
11202100120212201212
12021001202122012121
20210012021220121212
02100120212201212120
21001202122012121200
10012021220121212001
00120212201212120011
01202122012121200112
12021220121212001121
20212201212120011211
02122012121200112110
21220121212001121102
12201212120011211022
22012121200112110220
20121212001121102202
01212120011211022020
12121200112110220200
0000000212012210012
0000002120122100121
0000021201221001210
0000212012210012101
0002120122100121011
0021201221001210112
0212012210012101121
2120122100121011210
1201221001210112100
2012210012101121001
0122100121011210011
1221001210112100112
2210012101121001122
2100121011210011222
1001210112100112222
0012101121001122220
0121011210011222200
1210112100112222000
2101121001122220002
1011210011222200021

21211202100120012221
12112021001200122212
21120210012001222121
11202100120012221212
12021001200122212121
20210012001222121212
02100120012221212120
21001200122212121200
10012001222121212001
00120012221212120011
01200122212121200112
12001222121212001121
20012221212120011211
00122212121200112110
01222121212001121102
12221212120011211022
22212121200112110220
22121212001121102202
21212120011211022020
12121200112110220200
0200000212212210012
2000002122122100121
0000021221221001210
0000212212210012101
0002122122100121011
0021221221001210112
0212212210012101121
2122122100121011210
1221221001210112100
2212210012101121001
2122100121011210011
1221001210112100112
2210012101121001121
2100121011210011212
1001210112100112121
0012101121001121210
0121011210011212100
1210112100112121002
2101121001121210022
1011210011212100221

21012202100020012021
10122021000200120212
01220210002001202121
12202100020012021212
22021000200120212122
20210002001202121222
02100020012021212221
21000200120212122210
10002001202121222100
00020012021212221001
00200120212122210012
02001202121222100121
20012021212221001210
00120212122210012100
01202121222100121002
12021212221001210022
20212122210012100220
02121222100121002202
21212221001210022020
12122210012100220200
1200000212222210012
2000002122222100121
0000021222221001210
0000212222210012101
0002122222100121010
0021222221001210102
0212222210012101022
2122222100121010220
1222221001210102202
2222210012101022021
2222100121010220211
2221001210102202112
2210012101022021121
2100121010220211212
1001210102202112121
0012101022021121210
0121010220211212100
1210102202112121002
2101022021121210022
1010220211212100222

21202202100120012221
12022021001200122212
20220210012001222121
02202100120012221212
22021001200122212121
20210012001222121212
02100120012221212121
21001200122212121210
10012001222121212101
00120012221212121011
01200122212121210112
12001222121212101121
20012221212121011211
00122212121210112110
01222121212101121102
12221212121011211020
22212121210112110200
22121212101121102002
21212121011211020020
12121210112110200200
0000000212212210012
0000002122122100121
0000021221221001210
0000212212210012101
0002122122100121010
0021221221001210102
0212212210012101021
2122122100121010210
1221221001210102100
2212210012101021002
2122100121010210021
1221001210102100212
2210012101021002122
2100121010210021222
1001210102100212222
0012101021002122220
0121010210021222200
1210102100212222000
2101021002122220002
1010210021222200021

21201202100120012201
12012021001200122012
20120210012001220121
01202100120012201212
12021001200122012121
20210012001220121212
02100120012201212121
21001200122012121212
10012001220121212121
00120012201212121211
01200122012121212112
12001220121212121121
20012201212121211211
00122012121212112110
01220121212121121102
12201212121211211022
22012121212112110220
20121212121121102202
01212121211211022020
12121212112110220200
0200000212212210012
2000002122122100121
0000021221221001210
0000212212210012101
0002122122100121011
0021221221001210112
0212212210012101121
2122122100121011210
1221221001210112102
2212210012101121022
2122100121011210221
1221001210112102212
2210012101121022122
2100121011210221222
1001210112102212222
0012101121022122220
0121011210221222200
1210112102212222002
2101121022122220022
1011210221222200221

21111202100120212201
11112021001202122012
11120210012021220121
11202100120212201212
12021001202122012121
20210012021220121212
02100120212201212120
21001202122012121200
10012021220121212001
00120212201212120011
01202122012121200112
12021220121212001121
20212201212120011211
02122012121200112110
21220121212001121102
12201212120011211022
22012121200112110220
20121212001121102202
01212120011211022020
12121200112110220200
0000000212012210012
0000002120122100121
0000021201221001210
0000212012210012101
0002120122100121011
0021201221001210112
0212012210012101121
2120122100121011210
1201221001210112100
2012210012101121001
0122100121011210011
1221001210112100112
2210012101121001121
2100121011210011212
1001210112100112122
0012101121001121220
0121011210011212200
1210112100112122000
2101121001121220002
1011210011212200021

21111202100120212021
11112021001202120212
11120210012021202121
11202100120212021212
12021001202120212121
20210012021202121212
02100120212021212120
21001202120212121200
10012021202121212001
00120212021212120010
01202120212121200100
12021202121212001001
20212021212120010011
02120212121200100110
21202121212001001102
12021212120010011022
20212121200100110220
02121212001001102202
21212120010011022020
12121200100110220200
0000000212022210212
0000002120222102121
0000021202221021210
0000212022210212101
0002120222102121011
0021202221021210110
0212022210212101102
2120222102121011020
1202221021210110200
2022210212101102001
0222102121011020011
2221021210110200112
2210212101102001121
2102121011020011211
1021210110200112111
0212101102001121110
2121011020011211100
1210110200112111002
2101102001121110022
1011020011211100221

21212202100020012221
12122021000200122212
21220210002001222121
12202100020012221212
22021000200122212122
20210002001222121222
02100020012221212221
21000200122212122210
10002001222121222101
00020012221212221011
00200122212122210112
02001222121222101121
20012221212221011210
00122212122210112100
01222121222101121002
12221212221011210022
22212122210112100220
22121222101121002202
21212221011210022020
12122210112100220200
0200000212212210012
2000002122122100121
0000021221221001210
0000212212210012101
0002122122100121011
0021221221001210112
0212212210012101121
2122122100121011210
1221221001210112102
2212210012101121021
2122100121011210210
1221001210112102102
2210012101121021021
2100121011210210212
1001210112102102121
0012101121021021210
0121011210210212100
1210112102102121002
2101121021021210022
1011210210212100221

21202202100120012221
12022021001200122212
20220210012001222121
02202100120012221212
22021001200122212122
20210012001222121222
02100120012221212220
21001200122212122200
10012001222121222001
00120012221212220011
01200122212122200112
12001222121222001121
20012221212220011210
00122212122200112100
01222121222001121002
12221212220011210020
22212122200112100200
22121222001121002002
21212220011210020020
12122200112100200200
1200000212222210012
2000002122222100121
0000021222221001210
0000212222210012101
0002122222100121010
0021222221001210102
0212222210012101022
2122222100121010220
1222221001210102202
2222210012101022022
2222100121010220221
2221001210102202212
2210012101022022121
2100121010220221212
1001210102202212121
0012101022022121210
0121010220221212100
1210102202212121002
2101022022121210022
1010220221212100221

21111202100120212201
11112021001202122012
11120210012021220121
11202100120212201212
12021001202122012121
20210012021220121212
02100120212201212120
21001202122012121200
10012021220121212001
00120212201212120011
01202122012121200112
12021220121212001121
20212201212120011211
02122012121200112110
21220121212001121102
12201212120011211022
22012121200112110220
20121212001121102202
01212120011211022020
12121200112110220200
0000000212022210012
0000002120222100121
0000021202221001210
0000212022210012101
0002120222100121011
0021202221001210112
0212022210012101122
2120222100121011220
1202221001210112200
2022210012101122001
0222100121011220011
2221001210112200112
2210012101122001122
2100121011220011222
1001210112200112221
0012101122001122210
0121011220011222100
1210112200112221000
2101122001122210002
1011220011222100021

21211202100120012221
12112021001200122212
21120210012001222121
11202100120012221212
12021001200122212121
20210012001222121212
02100120012221212120
21001200122212121200
10012001222121212001
00120012221212120011
01200122212121200112
12001222121212001121
20012221212120011211
00122212121200112110
01222121212001121102
12221212120011211022
22212121200112110220
22121212001121102202
21212120011211022020
12121200112110220200
0000000212212210212
0000002122122102121
0000021221221021210
0000212212210212101
0002122122102121011
0021221221021210112
0212212210212101122
2122122102121011220
1221221021210112202
2212210212101122021
2122102121011220210
1221021210112202102
2210212101122021021
2102121011220210212
1021210112202102121
0212101122021021210
2121011220210212100
1210112202102121000
2101122021021210002
1011220210212100021

21211202100120012221
12112021001200122212
21120210012001222121
11202100120012221212
12021001200122212121
20210012001222121212
02100120012221212121
21001200122212121210
10012001222121212101
00120012221212121011
01200122212121210112
12001222121212101121
20012221212121011211
00122212121210112110
01222121212101121102
12221212121011211022
22212121210112110220
22121212101121102202
21212121011211022020
12121210112110220200
1200000212212210012
2000002122122100121
0000021221221001210
0000212212210012101
0002122122100121011
0021221221001210112
0212212210012101121
2122122100121011210
1221221001210112102
2212210012101121021
2122100121011210210
1221001210112102102
2210012101121021022
2100121011210210222
1001210112102102221
0012101121021022210
0121011210210222100
1210112102102221002
2101121021022210022
1011210210222100221

21212202100120012221
12122021001200122212
21220210012001222121
12202100120012221212
22021001200122212121
20210012001222121212
02100120012221212121
21001200122212121210
10012001222121212101
00120012221212121012
01200122212121210122
12001222121212101221
20012221212121012211
00122212121210122110
01222121212101221102
12221212121012211020
22212121210122110200
22121212101221102002
21212121012211020020
12121210122110200200
0200000212222210012
2000002122222100121
0000021222221001210
0000212222210012101
0002122222100121011
0021222221001210112
0212222210012101122
2122222100121011220
1222221001210112202
2222210012101122021
2222100121011220211
2221001210112202112
2210012101122021121
2100121011220211212
1001210112202112121
0012101122021121210
0121011220211212100
1210112202112121000
2101122021121210002
1011220211212100021

21211202100120012201
12112021001200122012
21120210012001220121
11202100120012201212
12021001200122012121
20210012001220121212
02100120012201212120
21001200122012121200
10012001220121212001
00120012201212120011
01200122012121200112
12001220121212001121
20012201212120011211
00122012121200112110
01220121212001121102
12201212120011211022
22012121200112110220
20121212001121102202
01212120011211022020
12121200112110220200
0000000212222210012
0000002122222100121
0000021222221001210
0000212222210012101
0002122222100121011
0021222221001210112
0212222210012101122
2122222100121011220
1222221001210112200
2222210012101122001
2222100121011220011
2221001210112200112
2210012101122001122
2100121011220011222
1001210112200112222
0012101122001122220
0121011220011222200
1210112200112222000
2101122001122220002
1011220011222200021

21211202100120012221
12112021001200122212
21120210012001222121
11202100120012221212
12021001200122212121
20210012001222121212
02100120012221212121
21001200122212121210
10012001222121212101
00120012221212121011
01200122212121210112
12001222121212101121
20012221212121011211
00122212121210112110
01222121212101121102
12221212121011211022
22212121210112110220
22121212101121102202
21212121011211022020
12121210112110220200
0200000212212210012
2000002122122100121
0000021221221001210
0000212212210012101
0002122122100121011
0021221221001210112
0212212210012101121
2122122100121011210
1221221001210112102
2212210012101121021
2122100121011210210
1221001210112102102
2210012101121021021
2100121011210210212
1001210112102102121
0012101121021021210
0121011210210212100
1210112102102121002
2101121021021210022
1011210210212100221

21012202100020012021
10122021000200120212
01220210002001202121
12202100020012021212
22021000200120212122
20210002001202121222
02100020012021212221
21000200120212122210
10002001202121222101
00020012021212221011
00200120212122210112
02001202121222101121
20012021212221011211
00120212122210112110
01202121222101121102
12021212221011211020
20212122210112110200
02121222101121102002
21212221011211020020
12122210112110200200
0200000212222210012
2000002122222100121
0000021222221001210
0000212222210012101
0002122222100121010
0021222221001210102
0212222210012101022
2122222100121010220
1222221001210102202
2222210012101022021
2222100121010220211
2221001210102202112
2210012101022021121
2100121010220211212
1001210102202112121
0012101022021121210
0121010220211212100
1210102202112121002
2101022021121210022
1010220211212100221

21212202100120012221
12122021001200122212
21220210012001222121
12202100120012221212
22021001200122212121
20210012001222121212
02100120012221212121
21001200122212121210
10012001222121212101
00120012221212121012
01200122212121210122
12001222121212101221
20012221212121012211
00122212121210122110
01222121212101221102
12221212121012211020
22212121210122110200
22121212101221102002
21212121012211020020
12121210122110200200
0200000212212210012
2000002122122100121
0000021221221001210
0000212212210012101
0002122122100121011
0021221221001210112
0212212210012101121
2122122100121011210
1221221001210112100
2212210012101121001
2122100121011210011
1221001210112100112
2210012101121001121
2100121011210011212
1001210112100112122
0012101121001121220
0121011210011212200
1210112100112122002
2101121001121220022
1011210011212200221

21002202100120212001
10022021001202120012
00220210012021200121
02202100120212001211
22021001202120012111
20210012021200121112
02100120212001211121
21001202120012111210
10012021200121112100
00120212001211121001
01202120012111210010
12021200121112100102
20212001211121001021
02120012111210010212
21200121112100102122
12001211121001021222
20012111210010212220
00121112100102122202
01211121001021222022
12111210010212220220
1000001202012210012
0000012020122100121
0000120201221001210
0001202012210012101
0012020122100121011
0120201221001210112
1202012210012101120
2020122100121011200
0201221001210112000
2012210012101120002
0122100121011200021
1221001210112000212
2210012101120002121
2100121011200021211
1001210112000212112
0012101120002121120
0121011200021211200
1210112000212112000
2101120002121120002
1011200021211200022

21012202100020012221
10122021000200122212
01220210002001222121
12202100020012221212
22021000200122212122
20210002001222121222
02100020012221212221
21000200122212122210
10002001222121222101
00020012221212221011
00200122212122210112
02001222121222101121
20012221212221011210
00122212122210112100
01222121222101121002
12221212221011210022
22212122210112100220
22121222101121002202
21212221011210022020
12122210112100220200
0200000212222210012
2000002122222100121
0000021222221001210
0000212222210012101
0002122222100121010
0021222221001210102
0212222210012101022
2122222100121010220
1222221001210102202
2222210012101022021
2222100121010220211
2221001210102202112
2210012101022021121
2100121010220211212
1001210102202112121
0012101022021121210
0121010220211212100
1210102202112121002
2101022021121210022
1010220211212100222

21212202100120012001
12122021001200120012
21220210012001200121
12202100120012001212
22021001200120012121
20210012001200121212
02100120012001212121
21001200120012121210
10012001200121212101
00120012001212121012
01200120012121210122
12001200121212101221
20012001212121012211
00120012121210122110
01200121212101221102
12001212121012211022
20012121210122110220
00121212101221102202
01212121012211022022
12121210122110220220
1200000212222210012
2000002122222100121
0000021222221001210
0000212222210012101
0002122222100121010
0021222221001210102
0212222210012101022
2122222100121010220
1222221001210102200
2222210012101022002
2222100121010220021
2221001210102200212
2210012101022002121
2100121010220021212
1001210102200212121
0012101022002121210
0121010220021212100
1210102200212121002
2101022002121210022
1010220021212100221

21111202102120012201
11112021021200122012
11120210212001220121
11202102120012201212
12021021200122012121
20210212001220121212
02102120012201212120
21021200122012121202
10212001220121212021
02120012201212120211
21200122012121202112
12001220121212021121
20012201212120211211
00122012121202112110
01220121212021121102
12201212120211211022
22012121202112110220
20121212021121102202
01212120211211022020
12121202112110220200
0000000212212210012
0000002122122100121
0000021221221001210
0000212212210012101
0002122122100121011
0021221221001210110
0212212210012101101
2122122100121011010
1221221001210110100
2212210012101101001
2122100121011010011
1221001210110100112
2210012101101001122
2100121011010011222
1001210110100112222
0012101101001122220
0121011010011222200
1210110100112222000
2101101001122220002
1011010011222200021

21212202100020012021
12122021000200120212
21220210002001202121
12202100020012021212
22021000200120212122
20210002001202121222
02100020012021212220
21000200120212122200
10002001202121222000
00020012021212220001
00200120212122200012
02001202121222000121
20012021212220001210
00120212122200012100
01202121222000121002
12021212220001210020
20212122200012100200
02121222000121002002
21212220001210020020
12122200012100200200
1200000212222210012
2000002122222100121
0000021222221001210
0000212222210012101
0002122222100121010
0021222221001210102
0212222210012101022
2122222100121010220
1222221001210102202
2222210012101022021
2222100121010220211
2221001210102202112
2210012101022021121
2100121010220211212
1001210102202112121
0012101022021121210
0121010220211212100
1210102202112121002
2101022021121210022
1010220211212100221

21002202102120012220
10022021021200122202
00220210212001222021
02202102120012220211
22021021200122202111
20210212001222021112
02102120012220211121
21021200122202111212
10212001222021112120
02120012220211121201
21200122202111212010
12001222021112120101
20012220211121201011
00122202111212010112
01222021112120101121
12220211121201011210
22202111212010112100
22021112120101121002
20211121201011210020
02111212010112100200
0100020202212210012
1000202022122100121
0002020221221001210
0020202212210012101
0202022122100121011
2020221221001210110
0202212210012101100
2022122100121011000
0221221001210110000
2212210012101100001
2122100121011000010
1221001210110000102
2210012101100001021
2100121011000010212
1001210110000102122
0012101100001021220
0121011000010212200
1210110000102122000
2101100001021220002
1011000010212200022

21212202100120012201
12122021001200122012
21220210012001220121
12202100120012201212
22021001200122012122
20210012001220121222
02100120012201212221
21001200122012122210
10012001220121222101
00120012201212221011
01200122012122210112
12001220121222101121
20012201212221011211
00122012122210112110
01220121222101121102
12201212221011211020
22012122210112110200
20121222101121102002
01212221011211020020
12122210112110200200
0200000212222210012
2000002122222100121
0000021222221001210
0000212222210012101
0002122222100121010
0021222221001210102
0212222210012101022
2122222100121010220
1222221001210102200
2222210012101022001
2222100121010220011
2221001210102200112
2210012101022001121
2100121010220011212
1001210102200112121
0012101022001121210
0121010220011212100
1210102200112121002
2101022001121210022
1010220011212100221

