Generation 699:
22021021101021220001
20210211010212200012
02102110102122000122
21021101021220001221
10211010212200012212
02110102122000122121
21101021220001221210
11010212200012212101
10102122000122121012
01021220001221210120
10212200012212101200
02122000122121012001
21220001221210120010
12200012212101200102
22000122121012001022
20001221210120010220
00012212101200102201
00122121012001022012
01221210120010220122
12212101200102201221
0122101112120121212
1221011121201212120
2210111212012121201
2101112120121212011
1011121201212120111
0111212012121201111
1112120121212011112
1121201212120111122
1212012121201111222
2120121212011112222
1201212120111122222
2012121201111222222
0121212011112222222
1212120111122222221
2121201111222222211
1212011112222222112
2120111122222221121
1201111222222211210
2011112222222112101
0111122222221121011

10012000200202221120
00120002002022211201
01200020020222112010
12000200202221120101
20002002022211201012
00020020222112010120
00200202221120101200
02002022211201012001
20020222112010120011
00202221120101200111
02022211201012001110
20222112010120011101
02221120101200111012
22211201012001110121
22112010120011101212
21120101200111012120
11201012001110121200
12010120011101212001
20101200111012120010
01012001110121200100
1121001012220201120
1210010122202011202
2100101222020112021
1001012220201120210
0010122202011202101
0101222020112021012
1012220201120210122
0122202011202101222
1222020112021012222
2220201120210122220
2202011202101222202
2020112021012222022
0201120210122220221
2011202101222202212
0112021012222022120
1120210122220221200
1202101222202212001
2021012222022120010
0210122220221200100
2101222202212001000

22000021111021220001
20000211110212200011
00002111102122000112
00021111021220001121
00211110212200011212
02111102122000112121
21111021220001121212
11110212200011212121
11102122000112121212
11021220001121212120
10212200011212121200
02122000112121212001
21220001121212120010
12200011212121200102
22000112121212001022
20001121212120010220
00011212121200102201
00112121212001022010
01121212120010220100
11212121200102201001
0122102112220122212
1221021122201222120
2210211222012221201
2102112220122212011
1021122201222120111
0211222012221201111
2112220122212011112
1122201222120111122
1222012221201111222
2220122212011112220
2201222120111122202
2012221201111222022
0122212011112220222
1222120111122202221
2221201111222022211
2212011112220222112
2120111122202221121
1201111222022211210
2011112220222112101
0111122202221121011

22001021111021220001
20010211110212200012
00102111102122000122
01021111021220001221
10211110212200012212
02111102122000122121
21111021220001221212
11110212200012212121
11102122000122121210
11021220001221212100
10212200012212121000
02122000122121210001
21220001221212100010
12200012212121000102
22000122121210001021
20001221212100010210
00012212121000102101
00122121210001021012
01221212100010210120
12212121000102101201
0022202112220121212
0222021122201212120
2220211222012121201
2202112220121212011
2021122201212120111
0211222012121201111
2112220121212011112
1122201212120111122
1222012121201111222
2220121212011112220
2201212120111122202
2012121201111222022
0121212011112220222
1212120111122202221
2121201111222022211
1212011112220222112
2120111122202221121
1201111222022211210
2011112220222112101
0111122202221121011

10001210000202221102
00012100002022211021
00121000020222110210
01210000202221102102
12100002022211021020
21000020222110210200
10000202221102102000
00002022211021020000
00020222110210200002
00202221102102000021
02022211021020000210
20222110210200002101
02221102102000021012
22211021020000210121
22110210200002101212
21102102000021012120
11021020000210121200
10210200002101212002
02102000021012120020
21020000210121200201
1001002022220221110
0010020222202211102
0100202222022111021
1002022220221110212
0020222202211102122
0202222022111021222
2022220221110212221
0222202211102122210
2222022111021222102
2220221110212221022
2202211102122210222
2022111021222102222
0221110212221022220
2211102122210222202
2111021222102222021
1110212221022220211
1102122210222202111
1021222102222021110
0212221022220211100
2122210222202111000

20002021121221221001
00020211212212210011
00202112122122100112
02021121221221001121
20211212212210011211
02112122122100112111
21121221221001121110
11212212210011211102
12122122100112111021
21221221001121110211
12212210011211102110
22122100112111021101
21221001121110211012
12210011211102110121
22100112111021101212
21001121110211012120
10011211102110121201
00112111021101212011
01121110211012120110
11211102110121201102
2011002012120201112
0110020121202011122
1100201212020111221
1002012120201112211
0020121202011122111
0201212020111221111
2012120201112211112
0121202011122111122
1212020111221111222
2120201112211112222
1202011122111122221
2020111221111222212
0201112211112222122
2011122111122221221
0111221111222212211
1112211112222122111
1122111122221221111
1221111222212211112
2211112222122111120
2111122221221111200

20000021111021220000
00000211110212200001
00002111102122000011
00021111021220000111
00211110212200001112
02111102122000011121
21111021220000111210
11110212200001112101
11102122000011121012
11021220000111210120
10212200001112101200
02122000011121012001
21220000111210120010
12200001112101200102
22000011121012001022
20000111210120010220
00001112101200102201
00011121012001022010
00111210120010220100
01112101200102201001
0112202212220102212
1122022122201022120
1220221222010221201
2202212220102212011
2022122201022120111
0221222010221201111
2212220102212011112
2122201022120111122
1222010221201111222
2220102212011112220
2201022120111122202
2010221201111222022
0102212011112220222
1022120111122202221
0221201111222022211
2212011112220222112
2120111122202221121
1201111222022211210
2011112220222112101
0111122202221121011

22001021111021220001
20010211110212200012
00102111102122000122
01021111021220001221
10211110212200012212
02111102122000122121
21111021220001221210
11110212200012212101
11102122000122121012
11021220001221210120
10212200012212101200
02122000122121012001
21220001221210120010
12200012212101200102
22000122121012001022
20001221210120010220
00012212101200102201
00122121012001022012
01221210120010220120
12212101200102201201
0122202112020121212
1222021120201212120
2220211202012121201
2202112020121212011
2021120201212120111
0211202012121201111
2112020121212011112
1120201212120111122
1202012121201111222
2020121212011112220
0201212120111122202
2012121201111222022
0121212011112220222
1212120111122202221
2121201111222022211
1212011112220222112
2120111122202221121
1201111222022211210
2011112220222112101
0111122202221121011

22001011111021220001
20010111110212200012
00101111102122000122
01011111021220001221
10111110212200012212
01111102122000122121
11111021220001221210
11110212200012212101
11102122000122121012
11021220001221210120
10212200012212101200
02122000122121012001
21220001221210120010
12200012212101200102
22000122121012001022
20001221210120010220
00012212101200102201
00122121012001022012
01221210120010220120
12212101200102201201
2122002112020202212
1220021120202022120
2200211202020221201
2002112020202212011
0021120202022120111
0211202020221201111
2112020202212011112
1120202022120111122
1202020221201111222
2020202212011112220
0202022120111122202
2020221201111222022
0202212011112220222
2022120111122202222
0221201111222022220
2212011112220222202
2120111122202222021
1201111222022220210
2011112220222202101
0111122202222021011

22000011111021220000
20000111110212200002
00001111102122000022
00011111021220000221
00111110212200002212
01111102122000022121
11111021220000221210
11110212200002212101
11102122000022121012
11021220000221210120
10212200002212101200
02122000022121012001
21220000221210120010
12200002212101200102
22000022121012001022
20000221210120010221
00002212101200102211
00022121012001022110
00221210120010221100
02212101200102211001
0122202112020101212
1222021120201012120
2220211202010121201
2202112020101212011
2021120201012120111
0211202010121201111
2112020101212011112
1120201012120111122
1202010121201111222
2020101212011112220
0201012120111122201
2010121201111222012
0101212011112220122
1012120111122201220
0121201111222012200
1212011112220122002
2120111122201220021
1201111222012200210
2011112220122002101
0111122201220021011

12201201202200220222
22012012022002202221
20120120220022022210
01201202200220222102
12012022002202221022
20120220022022210220
01202200220222102200
12022002202221022001
20220022022210220010
02200220222102200101
22002202221022001010
20022022210220010100
00220222102200101002
02202221022001010021
22022210220010100212
20222102200101002121
02221022001010021210
22210220010100212102
22102200101002121020
21022001010021210200
0121020022201201112
1210200222012011121
2102002220120111210
1020022201201112100
0200222012011121001
2002220120111210010
0022201201112100101
0222012011121001012
2220120111210010121
2201201112100101212
2012011121001012122
0120111210010121221
1201112100101212210
2011121001012122100
0111210010121221001
1112100101212210012
1121001012122100121
1210010121221001210
2100101212210012102
1001012122100121022

22020021121021220001
20200211210212200012
02002112102122000122
20021121021220001221
00211210212200012212
02112102122000122121
21121021220001221210
11210212200012212101
12102122000122121012
21021220001221210120
10212200012212101200
02122000122121012001
21220001221210120010
12200012212101200102
22000122121012001022
20001221210120010220
00012212101200102201
00122121012001022010
01221210120010220102
12212101200102201021
0122202112120101212
1222021121201012120
2220211212010121201
2202112120101212011
2021121201012120111
0211212010121201111
2112120101212011112
1121201012120111122
1212010121201111222
2120101212011112220
1201012120111122201
2010121201111222012
0101212011112220122
1012120111122201221
0121201111222012211
1212011112220122112
2120111122201221121
1201111222012211210
2011112220122112101
0111122201221121011

22020011101001220001
20200111010012200012
02001110100122000120
20011101001220001201
00111010012200012012
01110100122000120121
11101001220001201210
11010012200012012101
10100122000120121012
01001220001201210120
10012200012012101200
00122000120121012001
01220001201210120010
12200012012101200102
22000120121012001022
20001201210120010220
00012012101200102201
00120121012001022010
01201210120010220102
12012101200102201021
0122102112120101212
1221021121201012120
2210211212010121201
2102112120101212011
1021121201012120111
0211212010121201111
2112120101212011112
1121201012120111122
1212010121201111222
2120101212011112220
1201012120111122202
2010121201111222022
0101212011112220221
1012120111122202212
0121201111222022121
1212011112220221212
2120111122202212121
1201111222022121210
2011112220221212101
0111122202212121011

22001021111021220001
20010211110212200012
00102111102122000122
01021111021220001221
10211110212200012212
02111102122000122121
21111021220001221210
11110212200012212101
11102122000122121012
11021220001221210120
10212200012212101200
02122000122121012001
21220001221210120010
12200012212101200102
22000122121012001022
20001221210120010220
00012212101200102201
00122121012001022012
01221210120010220120
12212101200102201201
0122202112020122212
1222021120201222120
2220211202012221201
2202112020122212011
2021120201222120111
0211202012221201111
2112020122212011112
1120201222120111122
1202012221201111222
2020122212011112220
0201222120111122202
2012221201111222022
0122212011112220222
1222120111122202221
2221201111222022211
2212011112220222112
2120111122202221121
1201111222022211210
2011112220222112101
0111122202221121011

22021011111021220001
20210111110212200012
02101111102122000122
21011111021220001221
10111110212200012212
01111102122000122121
11111021220001221212
11110212200012212122
11102122000122121222
11021220001221212220
10212200012212122200
02122000122121222001
21220001221212220010
12200012212122200102
22000122121222001021
20001221212220010210
00012212122200102101
00122121222001021010
01221212220010210100
12212122200102101001
0122102112122122212
1221021121221222120
2210211212212221201
2102112122122212011
1021121221222120111
0211212212221201111
2112122122212011112
1121221222120111122
1212212221201111222
2122122212011112222
1221222120111122221
2212221201111222212
2122212011112222120
1222120111122221201
2221201111222212010
2212011112222120102
2120111122221201020
1201111222212010200
2011112222120102001
0111122221201020011

22001021111021220001
20010211110212200012
00102111102122000122
01021111021220001221
10211110212200012212
02111102122000122121
21111021220001221210
11110212200012212101
11102122000122121012
11021220001221210120
10212200012212101200
02122000122121012001
21220001221210120010
12200012212101200102
22000122121012001022
20001221210120010220
00012212101200102201
00122121012001022012
01221210120010220120
12212101200102201201
0122202112020121212
1222021120201212120
2220211202012121201
2202112020121212011
2021120201212120111
0211202012121201111
2112020121212011112
1120201212120111122
1202012121201111222
2020121212011112220
0201212120111122202
2012121201111222022
0121212011112220222
1212120111122202221
2121201111222022211
1212011112220222112
2120111122202221121
1201111222022211210
2011112220222112101
0111122202221121011

22001021111021220001
20010211110212200012
00102111102122000122
01021111021220001221
10211110212200012212
02111102122000122121
21111021220001221210
11110212200012212101
11102122000122121012
11021220001221210120
10212200012212101200
02122000122121012001
21220001221210120010
12200012212101200102
22000122121012001022
20001221210120010220
00012212101200102201
00122121012001022012
01221210120010220120
12212101200102201201
0122202112020101212
1222021120201012120
2220211202010121201
2202112020101212011
2021120201012120111
0211202010121201111
2112020101212011112
1120201012120111122
1202010121201111222
2020101212011112220
0201012120111122202
2010121201111222022
0101212011112220222
1012120111122202221
0121201111222022211
1212011112220222112
2120111122202221121
1201111222022211210
2011112220222112101
0111122202221121011

12201001202000220221
22010012020002202212
20100120200022022120
01001202000220221202
10012020002202212021
00120200022022120210
01202000220221202102
12020002202212021021
20200022022120210212
02000220221202102121
20002202212021021210
00022022120210212100
00220221202102121002
02202212021021210022
22022120210212100222
20221202102121002221
02212021021210022210
22120210212100222102
21202102121002221020
12021021210022210200
0221000022120201112
2210000221202011121
2100002212020111210
1000022120201112100
0000221202011121001
0002212020111210010
0022120201112100102
0221202011121001022
2212020111210010221
2120201112100102212
1202011121001022122
2020111210010221221
0201112100102212210
2011121001022122100
0111210010221221001
1112100102212210012
1121001022122100121
1210010221221001210
2100102212210012102
1001022122100121022

20001021010002220001
00010210100022200011
00102101000222000112
01021010002220001122
10210100022200011222
02101000222000112221
21010002220001122212
10100022200011222121
01000222000112221212
10002220001122212120
00022200011222121200
00222000112221212001
02220001122212120010
22200011222121200101
22000112221212001011
20001122212120010110
00011222121200101101
00112221212001011012
01122212120010110120
11222121200101101201
0021202112220121210
0212021122201212100
2120211222012121001
1202112220121210011
2021122201212100111
0211222012121001111
2112220121210011112
1122201212100111122
1222012121001111222
2220121210011112220
2201212100111122202
2012121001111222021
0121210011112220210
1212100111122202101
2121001111222021011
1210011112220210112
2100111122202101121
1001111222021011210
0011112220210112101
0111122202101121011

20002011101121220000
00020111011212200002
00201110112122000022
02011101121220000221
20111011212200002212
01110112122000022121
11101121220000221210
11011212200002212102
10112122000022121022
01121220000221210220
11212200002212102200
12122000022121022001
21220000221210220010
12200002212102200102
22000022121022001021
20000221210220010210
00002212102200102101
00022121022001021010
00221210220010210100
02212102200102101001
0122102212120102212
1221022121201022120
2210221212010221201
2102212120102212011
1022121201022120111
0221212010221201112
2212120102212011122
2121201022120111222
1212010221201112222
2120102212011122222
1201022120111222222
2010221201112222222
0102212011122222220
1022120111222222201
0221201112222222010
2212011122222220102
2120111222222201020
1201112222222010200
2011122222220102000
0111222222201020001

22020011101021221000
20200111010212210001
02001110102122100012
20011101021221000121
00111010212210001212
01110102122100012121
11101021221000121210
11010212210001212101
10102122100012121012
01021221000121210120
10212210001212101200
02122100012121012001
21221000121210120010
12210001212101200102
22100012121012001022
21000121210120010221
10001212101200102211
00012121012001022110
00121210120010221102
01212101200102211021
0122101012120101212
1221010121201012120
2210101212010121201
2101012120101212011
1010121201012120111
0101212010121201111
1012120101212011112
0121201012120111122
1212010121201111222
2120101212011112222
1201012120111122221
2010121201111222212
0101212011112222122
1012120111122221220
0121201111222212200
1212011112222122002
2120111122221220021
1201111222212200212
2011112222122002120
0111122221220021200

12020000121202221001
20200001212022210012
02000012120222100121
20000121202221001212
00001212022210012122
00012120222100121222
00121202221001212220
01212022210012122201
12120222100121222011
21202221001212220111
12022210012122201110
20222100121222011101
02221001212220111012
22210012122201110122
22100121222011101222
21001212220111012220
10012122201110122200
00121222011101222001
01212220111012220010
12122201110122200100
1101002012221201112
1010020122212011122
0100201222120111221
1002012221201112210
0020122212011122102
0201222120111221021
2012221201112210212
0122212011122102122
1222120111221021222
2221201112210212222
2212011122102122221
2120111221021222211
1201112210212222110
2011122102122221101
0111221021222211011
1112210212222110110
1122102122221101101
1221021222211011010
2210212222110110100
2102122221101101000

20021211101021220000
00212111010212200001
02121110102122000011
21211101021220000111
12111010212200001112
21110102122000011120
11101021220000111200
11010212200001112002
10102122000011120022
01021220000111200220
10212200001112002200
02122000011120022001
21220000111200220010
12200001112002200101
22000011120022001011
20000111200220010110
00001112002200101101
00011120022001011010
00111200220010110100
01112002200101101001
0102102212122101212
1021022121221012120
0210221212210121201
2102212122101212012
1022121221012120121
0221212210121201212
2212122101212012122
2121221012120121222
1212210121201212222
2122101212012122222
1221012120121222222
2210121201212222222
2101212012122222220
1012120121222222201
0121201212222222010
1212012122222220102
2120121222222201020
1201212222222010200
2012122222220102001
0121222222201020011

22001021101021220001
20010211010212200012
00102110102122000122
01021101021220001221
10211010212200012212
02110102122000122121
21101021220001221210
11010212200012212101
10102122000122121012
01021220001221210120
10212200012212101200
02122000122121012001
21220001221210120010
12200012212101200102
22000122121012001022
20001221210120010220
00012212101200102201
00122121012001022010
01221210120010220100
12212101200102201001
0122102112120101212
1221021121201012120
2210211212010121201
2102112120101212011
1021121201012120111
0211212010121201111
2112120101212011112
1121201012120111122
1212010121201111222
2120101212011112220
1201012120111122202
2010121201111222022
0101212011112220222
1012120111122202221
0121201111222022211
1212011112220222112
2120111122202221121
1201111222022211210
2011112220222112101
0111122202221121011

22020021121021220001
20200211210212200012
02002112102122000122
20021121021220001221
00211210212200012212
02112102122000122121
21121021220001221210
11210212200012212101
12102122000122121012
21021220001221210120
10212200012212101200
02122000122121012001
21220001221210120010
12200012212101200102
22000122121012001022
20001221210120010220
00012212101200102201
00122121012001022010
01221210120010220102
12212101200102201021
0122102112120121212
1221021121201212120
2210211212012121201
2102112120121212011
1021121201212120111
0211212012121201111
2112120121212011112
1121201212120111122
1212012121201111222
2120121212011112220
1201212120111122201
2012121201111222012
0121212011112220122
1212120111122201221
2121201111222012211
1212011112220122112
2120111122201221121
1201111222012211210
2011112220122112101
0111122201221121011

22020221101221220002
20202211012212200021
02022110122122000212
20221101221220002122
02211012212200021222
22110122122000212221
21101221220002122210
11012212200021222102
10122122000212221020
01221220002122210200
12212200021222102000
22122000212221020001
21220002122210200012
12200021222102000121
22000212221020001212
20002122210200012120
00021222102000121201
00212221020001212011
02122210200012120110
21222102000121201101
0112122012201101122
1121220122011011222
1212201220110112221
2122012201101122211
1220122011011222111
2201220110112221111
2012201101122211111
0122011011222111112
1220110112221111122
2201101122211111222
2011011222111112220
0110112221111122202
1101122211111222021
1011222111112220211
0112221111122202111
1122211111222021111
1222111112220211111
2221111122202111112
2211111222021111120
2111112220211111200

12001211101121221002
20012111011212210022
00121110112122100222
01211101121221002221
12111011212210022210
21110112122100222102
11101121221002221020
11011212210022210200
10112122100222102002
01121221002221020020
11212210022210200200
12122100222102002001
21221002221020020012
12210022210200200122
22100222102002001222
21002221020020012220
10022210200200122200
00222102002001222002
02221020020012220022
22210200200122200221
2002002122020222112
0020021220202221122
0200212202022211221
2002122020222112212
0021220202221122122
0212202022211221222
2122020222112212221
1220202221122122210
2202022211221222101
2020222112212221012
0202221122122210122
2022211221222101222
0222112212221012222
2221122122210122222
2211221222101222221
2112212221012222211
1122122210122222111
1221222101222221110
2212221012222211100
2122210122222111000

10021011011002221002
00210110110022210022
02101101100222100221
21011011002221002212
10110110022210022122
01101100222100221222
11011002221002212220
10110022210022122201
01100222100221222010
11002221002212220100
10022210022122201000
00222100221222010001
02221002212220100010
22210022122201000101
22100221222010001012
21002212220100010120
10022122201000101201
00221222010001012011
02212220100010120112
22122201000101201121
2111202112222221112
1112021122222211122
1120211222222111221
1202112222221112211
2021122222211122111
0211222222111221111
2112222221112211112
1122222211122111122
1222222111221111222
2222221112211112222
2222211122111122221
2222111221111222211
2221112211112222111
2211122111122221112
2111221111222211120
1112211112222111202
1122111122221112021
1221111222211120210
2211112222111202101
2111122221112021011

20022011101201220001
00220111012012200012
02201110120122000122
22011101201220001221
20111012012200012211
01110120122000122111
11101201220001221110
11012012200012211102
10120122000122111021
01201220001221110210
12012200012211102101
20122000122111021011
01220001221110210112
12200012211102101121
22000122111021011212
20001221110210112120
00012211102101121201
00122111021011212011
01221110210112120110
12211102101121201102
2111002112120201112
1110021121202011122
1100211212020111221
1002112120201112211
0021121202011122111
0211212020111221111
2112120201112211112
1121202011122111122
1212020111221111222
2120201112211112222
1202011122111122222
2020111221111222222
0201112211112222221
2011122111122222212
0111221111222222120
1112211112222221201
1122111122222212011
1221111222222120110
2211112222221201101
2111122222212011011

10201201002200220221
02012010022002202211
20120100220022022112
01201002200220221122
12010022002202211222
20100220022022112220
01002200220221122200
10022002202211222002
00220022022112220020
02200220221122200201
22002202211222002010
20022022112220020100
00220221122200201000
02202211222002010001
22022112220020100012
20221122200201000121
02211222002010001210
22112220020100012102
21122200201000121020
11222002010001210201
0121022112100101210
1210221121001012100
2102211210010121001
1022112100101210010
0221121001012100101
2211210010121001011
2112100101210010112
1121001012100101122
1210010121001011221
2100101210010112210
1001012100101122102
0010121001011221022
0101210010112210220
1012100101122102200
0121001011221022001
1210010112210220012
2100101122102200121
1001011221022001210
0010112210220012102
0101122102200121022

10001010010202221102
00010100102022211022
00101001020222110220
01010010202221102202
10100102022211022020
01001020222110220201
10010202221102202010
00102022211022020100
01020222110220201002
10202221102202010021
02022211022020100210
20222110220201002101
02221102202010021012
22211022020100210122
22110220201002101222
21102202010021012220
11022020100210122200
10220201002101222002
02202010021012220020
22020100210122200201
1011002022220222110
0110020222202221102
1100202222022211021
1002022220222110211
0020222202221102112
0202222022211021121
2022220222110211211
0222202221102112110
2222022211021121102
2220222110211211022
2202221102112110221
2022211021121102212
0222110211211022120
2221102112110221202
2211021121102212021
2110211211022120211
1102112110221202111
1021121102212021110
0211211022120211100
2112110221202111000

22020011111021220000
20200111110212200002
02001111102122000022
20011111021220000221
00111110212200002212
01111102122000022121
11111021220000221210
11110212200002212101
11102122000022121012
11021220000221210120
10212200002212101200
02122000022121012001
21220000221210120010
12200002212101200102
22000022121012001022
20000221210120010221
00002212101200102211
00022121012001022112
00221210120010221122
02212101200102211221
0122201112020121212
1222011120201212120
2220111202012121201
2201112020121212011
2011120201212120111
0111202012121201111
1112020121212011112
1120201212120111122
1202012121201111222
2020121212011112222
0201212120111122221
2012121201111222212
0121212011112222122
1212120111122221220
2121201111222212200
1212011112222122002
2120111122221220021
1201111222212200210
2011112222122002101
0111122221220021011

20002011101101221002
00020111011012210021
00201110110122100210
02011101101221002102
20111011012210021021
01110110122100210211
11101101221002102110
11011012210021021102
10110122100210211022
01101221002102110221
11012210021021102210
10122100210211022101
01221002102110221012
12210021021102210121
22100210211022101212
21002102110221012120
10021021102210121201
00210211022101212011
02102110221012120110
21021102210121201102
2011002022020201112
0110020220202011122
1100202202020111221
1002022020201112211
0020220202011122111
0202202020111221111
2022020201112211112
0220202011122111122
2202020111221111221
2020201112211112212
0202011122111122122
2020111221111221221
0201112211112212211
2011122111122122112
0111221111221221121
1112211112212211211
1122111122122112111
1221111221221121112
2211112212211211120
2111122122112111200

22201021211021220021
22010212110212200212
20102121102122002122
01021211021220021221
10212110212200212212
02121102122002122121
21211021220021221210
12110212200212212101
21102122002122121012
11021220021221210120
10212200212212101200
02122002122121012001
21220021221210120010
12200212212101200102
22002122121012001022
20021221210120010220
00212212101200102200
02122121012001022002
21221210120010220020
12212101200102200200
0122222122000101212
1222221220001012120
2222212200010121201
2222122000101212011
2221220001012120111
2212200010121201111
2122000101212011112
1220001012120111122
2200010121201111222
2000101212011112220
0001012120111122202
0010121201111222022
0101212011112220222
1012120111122202221
0121201111222022211
1212011112220222112
2120111122202221121
1201111222022211210
2011112220222112102
0111122202221121021

22001021111021220001
20010211110212200012
00102111102122000122
01021111021220001221
10211110212200012212
02111102122000122121
21111021220001221212
11110212200012212121
11102122000122121210
11021220001221212100
10212200012212121000
02122000122121210001
21220001221212100012
12200012212121000122
22000122121210001221
20001221212100012210
00012212121000122101
00122121210001221012
01221212100012210120
12212121000122101201
0022102112220101212
0221021122201012120
2210211222010121201
2102112220101212011
1021122201012120111
0211222010121201111
2112220101212011112
1122201012120111122
1222010121201111222
2220101212011112220
2201012120111122202
2010121201111222022
0101212011112220221
1012120111122202211
0121201111222022111
1212011112220221112
2120111122202211121
1201111222022111212
2011112220221112121
0111122202211121211

10001211000202221001
00012110002022210012
00121100020222100122
01211000202221001221
12110002022210012210
21100020222100122102
11000202221001221020
10002022210012210200
00020222100122102001
00202221001221020010
02022210012210200100
20222100122102001001
02221001221020010012
22210012210200100121
22100122102001001212
21001221020010012120
10012210200100121200
00122102001001212002
01221020010012120022
12210200100121200221
2001002112120221110
0010021121202211102
0100211212022111021
1002112120221110212
0021121202211102122
0211212022111021222
2112120221110212221
1121202211102122210
1212022111021222102
2120221110212221022
1202211102122210222
2022111021222102222
0221110212221022220
2211102122210222202
2111021222102222021
1110212221022220211
1102122210222202111
1021222102222021110
0212221022220211100
2122210222202111000

12001201102200220202
20012011022002202021
00120110220022020210
01201102200220202102
12011022002202021022
20110220022020210220
01102200220202102200
11022002202021022001
10220022020210220010
02200220202102200101
22002202021022001010
20022020210220010100
00220202102200101002
02202021022001010021
22020210220010100212
20202102200101002121
02021022001010021211
20210220010100212112
02102200101002121120
21022001010021211201
0121000012221221112
1210000122212211121
2100001222122111210
1000012221221112100
0000122212211121001
0001222122111210010
0012221221112100101
0122212211121001012
1222122111210010121
2221221112100101212
2212211121001012122
2122111210010121221
1221112100101212210
2211121001012122100
2111210010121221001
1112100101212210012
1121001012122100121
1210010121221001210
2100101212210012101
1001012122100121012

22020021101021220001
20200211010212200012
02002110102122000122
20021101021220001222
00211010212200012221
02110102122000122211
21101021220001222112
11010212200012221122
10102122000122211222
01021220001222112220
10212200012221122200
02122000122211222001
21220001222112220010
12200012221122200102
22000122211222001022
20001222112220010220
00012221122200102201
00122211222001022011
01222112220010220110
12221122200102201101
0212202012120121122
2122020121201211222
1220201212012112221
2202012120121122211
2020121201211222111
0201212012112221111
2012120121122211112
0121201211222111122
1212012112221111222
2120121122211112222
1201211222111122220
2012112221111222202
0121122211112222022
1211222111122220221
2112221111222202211
1122211112222022111
1222111122220221111
2221111222202211110
2211112222022111100
2111122220221111000

22001021101001221001
20010211010012210012
00102110100122100122
01021101001221001221
10211010012210012212
02110100122100122121
21101001221001221210
11010012210012212101
10100122100122121012
01001221001221210120
10012210012212101200
00122100122121012001
01221001221210120010
12210012212101200101
22100122121012001012
21001221210120010120
10012212101200101201
00122121012001012011
01221210120010120110
12212101200101201101
2121202112020122212
1212021120201222120
2120211202012221201
1202112020122212011
2021120201222120111
0211202012221201111
2112020122212011112
1120201222120111122
1202012221201111222
2020122212011112220
0201222120111122202
2012221201111222022
0122212011112220222
1222120111122202221
2221201111222022210
2212011112220222102
2120111122202221021
1201111222022210210
2011112220222102101
0111122202221021011

10002011011122220002
00020110111222200022
00201101112222000222
02011011122220002222
20110111222200022222
01101112222000222222
11011122220002222220
10111222200022222201
01112222000222222010
11122220002222220100
11222200022222201000
12222000222222010001
22220002222220100010
22200022222201000102
22000222222010001022
20002222220100010220
00022222201000102201
00222222010001022012
02222220100010220122
22222201000102201221
0122202112220221112
1222021122202211122
2220211222022111221
2202112220221112211
2021122202211122111
0211222022111221112
2112220221112211122
1122202211122111222
1222022111221112222
2220221112211122222
2202211122111222222
2022111221112222221
0221112211122222211
2211122111222222112
2111221112222221121
1112211122222211212
1122111222222112121
1221112222221121210
2211122222211212100
2111222222112121001

