Generation 699:
12201200102101122110
22012001021011221100
20120010210112211000
01200102101122110002
12001021011221100022
20010210112211000221
00102101122110002211
01021011221100022112
10210112211000221122
02101122110002211221
21011221100022112211
10112211000221122110
01122110002211221101
11221100022112211012
12211000221122110122
22110002211221101220
21100022112211012202
11000221122110122020
10002211221101220201
00022112211012202011
1011012110110210222
0110121101102102222
1101211011021022221
1012110110210222211
0121101102102222111
1211011021022221112
2110110210222211122
1101102102222111222
1011021022221112221
0110210222211122212
1102102222111222121
1021022221112221212
0210222211122212122
2102222111222121221
1022221112221212211
0222211122212122112
2222111222121221121
2221112221212211212
2211122212122112121
2111222121221121211

12211100100101020112
22111001001010201122
21110010010102011220
11100100101020112202
11001001010201122022
10010010102011220222
00100101020112202220
01001010201122022200
10010102011220222002
00101020112202220022
01010201122022200220
10102011220222002202
01020112202220022020
10201122022200220202
02011220222002202022
20112202220022020220
01122022200220202200
11220222002202022000
12202220022020220001
22022200220202200012
1022101112112222212
0221011121122222122
2210111211222221220
2101112112222212201
1011121122222122011
0111211222221220112
1112112222212201120
1121122222122011202
1211222221220112022
2112222212201120222
1122222122011202222
1222221220112022222
2222212201120222222
2222122011202222220
2221220112022222201
2212201120222222011
2122011202222220110
1220112022222201102
2201120222222011022
2011202222220110221

01201200112101122110
12012001121011221100
20120011210112211000
01200112101122110002
12001121011221100022
20011210112211000222
00112101122110002220
01121011221100022200
11210112211000222002
12101122110002220021
21011221100022200211
10112211000222002110
01122110002220021101
11221100022200211012
12211000222002110122
22110002220021101220
21100022200211012202
11000222002110122020
10002220021101220201
00022200211012202011
2021001110110220222
0210011101102202222
2100111011022022221
1001110110220222211
0011101102202222111
0111011022022221112
1110110220222211122
1101102202222111222
1011022022221112221
0110220222211122212
1102202222111222122
1022022221112221222
0220222211122212220
2202222111222122201
2022221112221222011
0222211122212220110
2222111222122201101
2221112221222011011
2211122212220110111
2111222122201101112

01100112012001122220
11001120120011222202
10011201200112222020
00112012001122220200
01120120011222202002
11201200112222020021
12012001122220200212
20120011222202002120
01200112222020021202
12001122220200212021
20011222202002120210
00112222020021202100
01122220200212021001
11222202002120210011
12222020021202100112
22220200212021001120
22202002120210011201
22020021202100112010
20200212021001120101
02002120210011201011
2211111112110222011
2111111121102220111
1111111211022201111
1111112110222011110
1111121102220111102
1111211022201111020
1112110222011110200
1121102220111102001
1211022201111020011
2110222011110200112
1102220111102001121
1022201111020011212
0222011110200112122
2220111102001121222
2201111020011212221
2011110200112122212
0111102001121222121
1111020011212221212
1110200112122212122
1102001121222121222

12221100102101210112
22211001021012101120
22110010210121011200
21100102101210112002
11001021012101120022
10010210121011200222
00102101210112002221
01021012101120022211
10210121011200222112
02101210112002221121
21012101120022211210
10121011200222112100
01210112002221121000
12101120022211210002
21011200222112100022
10112002221121000221
01120022211210002212
11200222112100022120
12002221121000221201
20022211210002212012
2121011110110212220
1210111101102122202
2101111011021222021
1011110110212220211
0111101102122202111
1111011021222021110
1110110212220211101
1101102122202111012
1011021222021110122
0110212220211101222
1102122202111012222
1021222021110122222
0212220211101222222
2122202111012222220
1222021110122222201
2220211101222222010
2202111012222220101
2021110122222201012
0211101222222010121
2111012222220101212

12221220112002222110
22212201120022221100
22122011200222211000
21220112002222110002
12201120022221100022
22011200222211000222
20112002222110002221
01120022221100022212
11200222211000222122
12002222110002221221
20022221100022212211
00222211000222122110
02222110002221221101
22221100022212211011
22211000222122110112
22110002221221101121
21100022212211011212
11000222122110112120
10002221221101121201
00022212211011212011
2021011112110210220
0210111121102102202
2101111211021022021
1011112110210220211
0111121102102202111
1111211021022021110
1112110210220211102
1121102102202111022
1211021022021110222
2110210220211102220
1102102202111022201
1021022021110222012
0210220211102220122
2102202111022201222
1022021110222012221
0220211102220122211
2202111022201222111
2021110222012221111
0211102220122211111
2111022201222111112

12201000101002112110
22010001010021121100
20100010100211211000
01000101002112110002
10001010021121100022
00010100211211000221
00101002112110002211
01010021121100022112
10100211211000221122
01002112110002211221
10021121100022112210
00211211000221122100
02112110002211221001
21121100022112210012
11211000221122100122
12110002211221001220
21100022112210012202
11000221122100122022
10002211221001220221
00022112210012202211
1011012110110210222
0110121101102102222
1101211011021022221
1012110110210222210
0121101102102222101
1211011021022221012
2110110210222210122
1101102102222101222
1011021022221012221
0110210222210122212
1102102222101222122
1021022221012221222
0210222210122212222
2102222101222122221
1022221012221222211
0222210122212222110
2222101222122221101
2221012221222211012
2210122212222110121
2101222122221101211

01120212012001020221
11202120120010202212
12021201200102022120
20212012001020221201
02120120010202212012
21201200102022120121
12012001020221201211
20120010202212012111
01200102022120121112
12001020221201211122
20010202212012111221
00102022120121112210
01020221201211122101
10202212012111221011
02022120121112210112
20221201211122101120
02212012111221011201
22120121112210112012
21201211122101120121
12012111221011201211
2211111212110222112
2111112121102221121
1111121211022211210
1111212110222112101
1112121102221121011
1121211022211210110
1212110222112101102
2121102221121011022
1211022211210110221
2110222112101102210
1102221121011022102
1022211210110221022
0222112101102210222
2221121011022102221
2211210110221022211
2112101102210222112
1121011022102221122
1210110221022211221
2101102210222112212
1011022102221122122

12201100112001222120
22011001120012221200
20110011200122212001
01100112001222120010
11001120012221200102
10011200122212001022
00112001222120010221
01120012221200102212
11200122212001022121
12001222120010221211
20012221200102212110
00122212001022121100
01222120010221211000
12221200102212110001
22212001022121100012
22120010221211000120
21200102212110001200
12001022121100012000
20010221211000120000
00102212110001200001
2011011112110212212
0110111121102122122
1101111211021221221
1011112110212212210
0111121102122122101
1111211021221221012
1112110212212210121
1121102122122101212
1211021221221012122
2110212212210121222
1102122122101212221
1021221221012122212
0212212210121222122
2122122101212221221
1221221012122212211
2212210121222122110
2122101212221221100
1221012122212211002
2210121222122110021
2101212221221100211

20110100222001010120
01101002220010101201
11010022200101012011
10100222001010120110
01002220010101201102
10022200101012011021
00222001010120110212
02220010101201102120
22200101012011021201
22001010120110212012
20010101201102120120
00101012011021201200
01010120110212012000
10101201102120120001
01012011021201200012
10120110212012000120
01201102120120001201
12011021201200012012
20110212012000120121
01102120120001201212
2111111112212122221
1111111122121222212
1111111221212222121
1111112212122221210
1111122121222212102
1111221212222121022
1112212122221210221
1122121222212102211
1221212222121022112
2212122221210221122
2121222212102211221
1212222121022112212
2122221210221122120
1222212102211221202
2222121022112212021
2221210221122120210
2212102211221202101
2121022112212021012
1210221122120210121
2102211221202101211

12221220102001122120
22212201020011221200
22122010200112212000
21220102001122120002
12201020011221200022
22010200112212000221
20102001122120002211
01020011221200022112
10200112212000221122
02001122120002211221
20011221200022112211
00112212000221122110
01122120002211221101
11221200022112211011
12212000221122110112
22120002211221101121
21200022112211011212
12000221122110112121
20002211221101121211
00022112211011212111
2001011112110210220
0010111121102102202
0101111211021022021
1011112110210220211
0111121102102202111
1111211021022021110
1112110210220211102
1121102102202111022
1211021022021110222
2110210220211102220
1102102202111022201
1021022021110222012
0210220211102220122
2102202111022201221
1022021110222012211
0220211102220122110
2202111022201221101
2021110222012211012
0211102220122110121
2111022201221101211

12201200102001122110
22012001020011221100
20120010200112211000
01200102001122110002
12001020011221100022
20010200112211000221
00102001122110002211
01020011221100022112
10200112211000221122
02001122110002211221
20011221100022112211
00112211000221122110
01122110002211221101
11221100022112211012
12211000221122110122
22110002211221101220
21100022112211012202
11000221122110122020
10002211221101220201
00022112211012202011
1011012110110210222
0110121101102102222
1101211011021022221
1012110110210222211
0121101102102222111
1211011021022221112
2110110210222211122
1101102102222111222
1011021022221112221
0110210222211122212
1102102222111222121
1021022221112221212
0210222211122212122
2102222111222121221
1022221112221212211
0222211122212122112
2222111222121221121
2221112221212211212
2211122212122112121
2111222121221121211

12221220100001120120
22212201000011201200
22122010000112012002
21220100001120120022
12201000011201200222
22010000112012002221
20100001120120022211
01000011201200222112
10000112012002221122
00001120120022211221
00011201200222112211
00112012002221122110
01120120022211221101
11201200222112211012
12012002221122110122
20120022211221101221
01200222112211012212
12002221122110122120
20022211221101221201
00222112211012212011
2001012212112220220
0010122121122202202
0101221211222022021
1012212112220220211
0122121122202202111
1221211222022021110
2212112220220211102
2121122202202111022
1211222022021110222
2112220220211102220
1122202202111022201
1222022021110222012
2220220211102220122
2202202111022201222
2022021110222012221
0220211102220122210
2202111022201222101
2021110222012221012
0211102220122210121
2111022201222101212

11211212102001112100
12112121020011121000
21121210200111210000
11212102001112100000
12121020011121000002
21210200111210000021
12102001112100000211
21020011121000002112
10200111210000021122
02001112100000211221
20011121000002112211
00111210000021122110
01112100000211221101
11121000002112211011
11210000021122110112
12100000211221101120
21000002112211011202
10000021122110112020
00000211221101120201
00002112211011202011
1012011112110212122
0120111121102121221
1201111211021212211
2011112110212122111
0111121102121221111
1111211021212211110
1112110212122111100
1121102121221111002
1211021212211110021
2110212122111100210
1102121221111002101
1021212211110021012
0212122111100210122
2121221111002101221
1212211110021012211
2122111100210122110
1221111002101221101
2211110021012211012
2111100210122110121
1111002101221101211

01220110012102020211
12201100121020202110
22011001210202021100
20110012102020211000
01100121020202110002
11001210202021100021
10012102020211000210
00121020202110002101
01210202021100021012
12102020211000210122
21020202110002101221
10202021100021012210
02020211000210122101
20202110002101221011
02021100021012210112
20211000210122101120
02110002101221011200
21100021012210112002
11000210122101120021
10002101221011200211
2211111112110220222
2111111121102202221
1111111211022022211
1111112110220222111
1111121102202221111
1111211022022211110
1112110220222111101
1121102202221111012
1211022022211110121
2110220222111101210
1102202221111012102
1022022211110121022
0220222111101210220
2202221111012102202
2022211110121022021
0222111101210220211
2221111012102202112
2211110121022021121
2111101210220211212
1111012102202112122

22201200100102110110
22012001001021101101
20120010010211011012
01200100102110110122
12001001021101101222
20010010211011012222
00100102110110122220
01001021101101222200
10010211011012222002
00102110110122220021
01021101101222200211
10211011012222002112
02110110122220021120
21101101222200211202
11011012222002112022
10110122220021120220
01101222200211202201
11012222002112022010
10122220021120220101
01222200211202201011
0021012212112220222
0210122121122202221
2101221211222022211
1012212112220222111
0122121122202221111
1221211222022211112
2212112220222111121
2121122202221111211
1211222022211112112
2112220222111121122
1122202221111211220
1222022211112112202
2220222111121122020
2202221111211220202
2022211112112202021
0222111121122020212
2221111211220202121
2211112112202021211
2111121122020212112
1111211220202121121

12201000101001112110
22010001010011121100
20100010100111211000
01000101001112110002
10001010011121100022
00010100111211000221
00101001112110002211
01010011121100022112
10100111211000221122
01001112110002211221
10011121100022112211
00111211000221122110
01112110002211221101
11121100022112211012
11211000221122110122
12110002211221101220
21100022112211012202
11000221122110122022
10002211221101220221
00022112211012202212
1011011110110210222
0110111101102102222
1101111011021022221
1011110110210222211
0111101102102222111
1111011021022221112
1110110210222211122
1101102102222111222
1011021022221112221
0110210222211122212
1102102222111222121
1021022221112221212
0210222211122212122
2102222111222121221
1022221112221212211
0222211122212122110
2222111222121221101
2221112221212211012
2211122212122110121
2111222121221101211

21101202101012222000
11012021010122220001
10120210101222200011
01202101012222000110
12021010122220001102
20210101222200011021
02101012222000110212
21010122220001102120
10101222200011021202
01012222000110212021
10122220001102120211
01222200011021202110
12222000110212021102
22220001102120211022
22200011021202110222
22000110212021102220
20001102120211022201
00011021202110222012
00110212021102220120
01102120211022201202
0211021220100222120
2110212201002221202
1102122010022212021
1021220100222120211
0212201002221202111
2122010022212021110
1220100222120211101
2201002221202111011
2010022212021110112
0100222120211101122
1002221202111011221
0022212021110112212
0222120211101122120
2221202111011221202
2212021110112212021
2120211101122120212
1202111011221202121
2021110112212021211
0211101122120212112
2111011221202121122

11221120102002122120
12211201020021221200
22112010200212212000
21120102002122120002
11201020021221200022
12010200212212000221
20102002122120002211
01020021221200022112
10200212212000221122
02002122120002211221
20021221200022112211
00212212000221122110
02122120002211221101
21221200022112211012
12212000221122110122
22120002211221101220
21200022112211012202
12000221122110122021
20002211221101220211
00022112211012202111
1011011112110210220
0110111121102102202
1101111211021022021
1011112110210220211
0111121102102202111
1111211021022021112
1112110210220211122
1121102102202111222
1211021022021112221
2110210220211122212
1102102202111222121
1021022021112221212
0210220211122212122
2102202111222121221
1022021112221212211
0220211122212122110
2202111222121221101
2021112221212211012
0211122212122110121
2111222121221101211

20120211222002012011
01202112220020120112
12021122200201201121
20211222002012011210
02112220020120112102
21122200201201121021
11222002012011210211
12220020120112102112
22200201201121021121
22002012011210211212
20020120112102112121
00201201121021121210
02012011210211212101
20120112102112121011
01201121021121210112
12011210211212101120
20112102112121011201
01121021121210112012
11210211212101120121
12102112121011201212
2111111112212122122
1111111122121221221
1111111221212212211
1111112212122122111
1111122121221221111
1111221212212211112
1112212122122111122
1122121221221111222
1221212212211112222
2212122122111122220
2121221221111222201
1212212211112222012
2122122111122220120
1221221111222201201
2212211112222012011
2122111122220120110
1221111222201201100
2211112222012011001
2111122220120110011
1111222201201100111

12221220102001122120
22212201020011221200
22122010200112212000
21220102001122120002
12201020011221200022
22010200112212000221
20102001122120002211
01020011221200022112
10200112212000221122
02001122120002211221
20011221200022112211
00112212000221122110
01122120002211221101
11221200022112211011
12212000221122110112
22120002211221101121
21200022112211011212
12000221122110112120
20002211221101121201
00022112211011212011
2001011212110210220
0010112121102102202
0101121211021022021
1011212110210220211
0112121102102202111
1121211021022021110
1212110210220211102
2121102102202111022
1211021022021110222
2110210220211102220
1102102202111022201
1021022021110222012
0210220211102220122
2102202111022201220
1022021110222012201
0220211102220122010
2202111022201220101
2021110222012201012
0211102220122010121
2111022201220101212

12211100102101120120
22111001021011201200
21110010210112012000
11100102101120120002
11001021011201200022
10010210112012000221
00102101120120002210
01021011201200022100
10210112012000221002
02101120120002210021
21011201200022100210
10112012000221002100
01120120002210021000
11201200022100210002
12012000221002100022
20120002210021000220
01200022100210002202
12000221002100022020
20002210021000220201
00022100210002202011
2001001212110220220
0010012121102202202
0100121211022022021
1001212110220220211
0012121102202202111
0121211022022021112
1212110220220211121
2121102202202111212
1211022022021112121
2110220220211121212
1102202202111212122
1022022021112121222
0220220211121212220
2202202111212122200
2022021112121222001
0220211121212220010
2202111212122200101
2021112121222001012
0211121212220010121
2111212122200101212

12211100102001120122
22111001020011201220
21110010200112012201
11100102001120122012
11001020011201220122
10010200112012201222
00102001120122012220
01020011201220122200
10200112012201222002
02001120122012220021
20011201220122200211
00112012201222002110
01120122012220021100
11201220122200211002
12012201222002110022
20122012220021100220
01220122200211002200
12201222002110022000
22012220021100220001
20122200211002200012
1011001110110212210
0110011101102122102
1100111011021221021
1001110110212210211
0011101102122102111
0111011021221021112
1110110212210211121
1101102122102111212
1011021221021112122
0110212210211121222
1102122102111212222
1021221021112122222
0212210211121222222
2122102111212222221
1221021112122222211
2210211121222222112
2102111212222221120
1021112122222211201
0211121222222112012
2111212222221120121

11211112102002020212
12111121020020202120
21111210200202021200
11112102002020212002
11121020020202120022
11210200202021200221
12102002020212002210
21020020202120022100
10200202021200221002
02002020212002210021
20020202120022100211
00202021200221002110
02020212002210021101
20202120022100211012
02021200221002110122
20212002210021101220
02120022100211012202
21200221002110122020
12002210021101220201
20022100211012202012
1111001210100112220
1110012101001122202
1100121010011222021
1001210100112220211
0012101001122202112
0121010011222021120
1210100112220211201
2101001122202112012
1010011222021120121
0100112220211201212
1001122202112012122
0011222021120121222
0112220211201212222
1122202112012122220
1222021120121222201
2220211201212222010
2202112012122220101
2021120121222201011
0211201212222010112
2112012122220101122

12201111100102222012
22011111001022220122
20111110010222201220
01111100102222012202
11111001022220122022
11110010222201220222
11100102222012202220
11001022220122022200
10010222201220222002
00102222012202220021
01022220122022200210
10222201220222002102
02222012202220021021
22220122022200210212
22201220222002102122
22012202220021021220
20122022200210212200
01220222002102122000
12202220021021220000
22022200210212200002
1021001112110222010
0210011121102220101
2100111211022201011
1001112110222010111
0011121102220101111
0111211022201011112
1112110222010111120
1121102220101111202
1211022201011112022
2110222010111120222
1102220101111202222
1022201011112022222
0222010111120222222
2220101111202222220
2201011112022222201
2010111120222222011
0101111202222220110
1011112022222201101
0111120222222011012
1111202222220110121

01221220102001122120
12212201020011221200
22122010200112212000
21220102001122120002
12201020011221200021
22010200112212000211
20102001122120002111
01020011221200021111
10200112212000211112
02001122120002111121
20011221200021111211
00112212000211112110
01122120002111121101
11221200021111211011
12212000211112110112
22120002111121101121
21200021111211011212
12000211112110112120
20002111121101121201
00021111211011212011
2001011210110210220
0010112101102102202
0101121011021022021
1011210110210220211
0112101102102202111
1121011021022021110
1210110210220211102
2101102102202111022
1011021022021110222
0110210220211102220
1102102202111022201
1021022021110222012
0210220211102220122
2102202111022201220
1022021110222012201
0220211102220122010
2202111022201220101
2021110222012201012
0211102220122010121
2111022201220101212

11201000101001112120
12010001010011121200
20100010100111212000
01000101001112120002
10001010011121200022
00010100111212000221
00101001112120002211
01010011121200022112
10100111212000221122
01001112120002211221
10011121200022112211
00111212000221122110
01112120002211221101
11121200022112211012
11212000221122110122
12120002211221101220
21200022112211012202
12000221122110122022
20002211221101220222
00022112211012202222
1011011110110210222
0110111101102102222
1101111011021022221
1011110110210222211
0111101102102222111
1111011021022221112
1110110210222211122
1101102102222111222
1011021022221112221
0110210222211122212
1102102222111222122
1021022221112221222
0210222211122212222
2102222111222122221
1022221112221222211
0222211122212222110
2222111222122221101
2221112221222211012
2211122212222110121
2111222122221101211

22201200102102112110
22012001021021121101
20120010210211211010
01200102102112110102
12001021021121101022
20010210211211010222
00102102112110102220
01021021121101022200
10210211211010222002
02102112110102220021
21021121101022200211
10211211010222002112
02112110102220021120
21121101022200211201
11211010222002112012
12110102220021120120
21101022200211201201
11010222002112012010
10102220021120120101
01022200211201201011
0021011212110210222
0210112121102102221
2101121211021022211
1011212110210222111
0112121102102221111
1121211021022211112
1212110210222111121
2121102102221111211
1211021022211112112
2110210222111121122
1102102221111211220
1021022211112112202
0210222111121122020
2102221111211220200
1022211112112202001
0222111121122020012
2221111211220200121
2211112112202001211
2111121122020012112
1111211220200121121

01120202012101122211
11202020121011222112
12020201210112221120
20202012101122211202
02020121011222112022
20201210112221120221
02012101122211202211
20121011222112022112
01210112221120221122
12101122211202211221
21011222112022112211
10112221120221122110
01122211202211221101
11222112022112211012
12221120221122110122
22211202211221101220
22112022112211012201
21120221122110122010
11202211221101220101
12022112211012201011
2211121110110222112
2111211101102221122
1112111011022211221
1121110110222112211
1211101102221122111
2111011022211221112
1110110222112211122
1101102221122111222
1011022211221112221
0110222112211122212
1102221122111222121
1022211221112221212
0222112211122212122
2221122111222121221
2211221112221212211
2112211122212122112
1122111222121221121
1221112221212211211
2211122212122112112
2111222121221121122

12211100102101220110
22111001021012201101
21110010210122011010
11100102101220110102
11001021012201101022
10010210122011010222
00102101220110102220
01021012201101022200
10210122011010222002
02101220110102220021
21012201101022200210
10122011010222002100
01220110102220021000
12201101022200210002
22011010222002100022
20110102220021000220
01101022200210002202
11010222002100022020
10102220021000220201
01022200210002202011
2021001112110222210
0210011121102222102
2100111211022221021
1001112110222210211
0011121102222102111
0111211022221021112
1112110222210211121
1121102222102111212
1211022221021112121
2110222210211121212
1102222102111212122
1022221021112121222
0222210211121212222
2222102111212122221
2221021112121222211
2210211121212222111
2102111212122221111
1021112121222211111
0211121212222111111
2111212122221111112

20100111122002012020
01001111220020120202
10011112200201202020
00111122002012020200
01111220020120202002
11112200201202020021
11122002012020200212
11220020120202002121
12200201202020021211
22002012020200212111
20020120202002121110
00201202020021211100
02012020200212111000
20120202002121110001
01202020021211100012
12020200212111000120
20202002121110001201
02020021211100012010
20200212111000120101
02002121110001201012
2211111112210122021
2111111122101220211
1111111221012202111
1111112210122021110
1111122101220211102
1111221012202111022
1112210122021110221
1122101220211102211
1221012202111022112
2210122021110221122
2101220211102211222
1012202111022112222
0122021110221122220
1220211102211222202
2202111022112222021
2021110221122220210
0211102211222202100
2111022112222021002
1110221122220210021
1102211222202100211

12221120102001122120
22211201020011221200
22112010200112212000
21120102001122120002
11201020011221200022
12010200112212000221
20102001122120002211
01020011221200022110
10200112212000221102
02001122120002211021
20011221200022110211
00112212000221102110
01122120002211021101
11221200022110211012
12212000221102110122
22120002211021101220
21200022110211012202
12000221102110122020
20002211021101220200
00022110211012202001
1001001112110220210
0010011121102202102
0100111211022021021
1001112110220210211
0011121102202102111
0111211022021021110
1112110220210211102
1121102202102111022
1211022021021110222
2110220210211102222
1102202102111022221
1022021021110222212
0220210211102222122
2202102111022221220
2021021110222212201
0210211102222122010
2102111022221220101
1021110222212201011
0211102222122010111
2111022221220101111

12201000111001112110
22010001110011121100
20100011100111211000
01000111001112110002
10001110011121100022
00011100111211000221
00111001112110002211
01110011121100022112
11100111211000221122
11001112110002211221
10011121100022112211
00111211000221122110
01112110002211221101
11121100022112211012
11211000221122110122
12110002211221101220
21100022112211012202
11000221122110122022
10002211221101220221
00022112211012202212
1011012110110210222
0110121101102102222
1101211011021022221
1012110110210222211
0121101102102222111
1211011021022221112
2110110210222211122
1101102102222111222
1011021022221112221
0110210222211122212
1102102222111222121
1021022221112221212
0210222211122212122
2102222111222121221
1022221112221212211
0222211122212122112
2222111222121221121
2221112221212211212
2211122212122112121
2111222121221121211

12221122112001122120
22211221120011221200
22112211200112212000
21122112001122120002
11221120011221200022
12211200112212000221
22112001122120002211
21120011221200022112
11200112212000221122
12001122120002211221
20011221200022112211
00112212000221122110
01122120002211221101
11221200022112211011
12212000221122110112
22120002211221101121
21200022112211011212
12000221122110112120
20002211221101121201
00022112211011212011
2001011212110210220
0010112121102102202
0101121211021022021
1011212110210220211
0112121102102202111
1121211021022021110
1212110210220211102
2121102102202111022
1211021022021110222
2110210220211102222
1102102202111022221
1021022021110222212
0210220211102222122
2102202111022221220
1022021110222212201
0220211102222122011
2202111022221220111
2021110222212201112
0211102222122011121
2111022221220111212

02221100102101210110
22211001021012101100
22110010210121011000
21100102101210110002
11001021012101100022
10010210121011000222
00102101210110002221
01021012101100022211
10210121011000222112
02101210110002221121
21012101100022211210
10121011000222112100
01210110002221121000
12101100022211210002
21011000222112100022
10110002221121000221
01100022211210002212
11000222112100022121
10002221121000221211
00022211210002212112
2121011110110212220
1210111101102122202
2101111011021222021
1011110110212220211
0111101102122202111
1111011021222021110
1110110212220211101
1101102122202111012
1011021222021110122
0110212220211101222
1102122202111012222
1021222021110122222
0212220211101222222
2122202111012222220
1222021110122222201
2220211101222222010
2202111012222220101
2021110122222201012
0211101222222010121
2111012222220101212

11221100202101220112
12211002021012201120
22110020210122011201
21100202101220112012
11002021012201120122
10020210122011201221
00202101220112012211
02021012201120122110
20210122011201221102
02101220112012211022
21012201120122110221
10122011201221102210
01220112012211022101
12201120122110221012
22011201221102210122
20112012211022101221
01120122110221012212
11201221102210122122
12012211022101221221
20122110221012212212
2111011110112212222
1110111101122122222
1101111011221222221
1011110112212222211
0111101122122222111
1111011221222221110
1110112212222211100
1101122122222111002
1011221222221110022
0112212222211100222
1122122222111002221
1221222221110022212
2212222211100222122
2122222111002221220
1222221110022212201
2222211100222122010
2222111002221220101
2221110022212201012
2211100222122010122
2111002221220101222

12211200100101220112
22112001001012201121
21120010010122011210
11200100101220112102
12001001012201121022
20010010122011210222
00100101220112102220
01001012201121022202
10010122011210222022
00101220112102220221
01012201121022202210
10122011210222022102
01220112102220221020
12201121022202210201
22011210222022102012
20112102220221020121
01121022202210201210
11210222022102012100
12102220221020121001
21022202210201210012
2021011212110212220
0210112121102122202
2101121211021222021
1011212110212220211
0112121102122202111
1121211021222021112
1212110212220211121
2121102122202111212
1211021222021112122
2110212220211121220
1102122202111212202
1021222021112122022
0212220211121220222
2122202111212202220
1222021112122022201
2220211121220222011
2202111212202220111
2021112122022201112
0211121220222011122
2111212202220111222

11201112112001022220
12011121120010222200
20111211200102222000
01112112001022220000
11121120010222200002
11211200102222000021
12112001022220000211
21120010222200002112
11200102222000021121
12001022220000211211
20010222200002112111
00102222000021121110
01022220000211211101
10222200002112111011
02222000021121110112
22220000211211101120
22200002112111011202
22000021121110112020
20000211211101120201
00002112111011202011
2111011210100112222
1110112101001122222
1101121010011222221
1011210100112222211
0112101001122222112
1121010011222221120
1210100112222211201
2101001122222112012
1010011222221120121
0100112222211201212
1001122222112012121
0011222221120121212
0112222211201212122
1122222112012121220
1222221120121212201
2222211201212122010
2222112012121220101
2221120121212201012
2211201212122010121
2112012121220101212

12201200102002022220
22012001020020222200
20120010200202222000
01200102002022220002
12001020020222200022
20010200202222000221
00102002022220002211
01020020222200022112
10200202222000221122
02002022220002211221
20020222200022112211
00202222000221122110
02022220002211221100
20222200022112211001
02222000221122110012
22220002211221100120
22200022112211001202
22000221122110012020
20002211221100120201
00022112211001202011
2121011212100212220
1210112121002122202
2101121210021222021
1011212100212220211
0112121002122202111
1121210021222021110
1212100212220211101
2121002122202111012
1210021222021110121
2100212220211101210
1002122202111012101
0021222021110121012
0212220211101210122
2122202111012101220
1222021110121012201
2220211101210122010
2202111012101220101
2021110121012201012
0211101210122010121
2111012101220101212

11221220102001122122
12212201020011221220
22122010200112212200
21220102001122122002
12201020011221220021
22010200112212200211
20102001122122002111
01020011221220021111
10200112212200211112
02001122122002111121
20011221220021111211
00112212200211112110
01122122002111121101
11221220021111211011
12212200211112110112
22122002111121101121
21220021111211011212
12200211112110112120
22002111121101121201
20021111211011212011
2001011110110210220
0010111101102102202
0101111011021022021
1011110110210220211
0111101102102202111
1111011021022021110
1110110210220211102
1101102102202111022
1011021022021110222
0110210220211102220
1102102202111022201
1021022021110222012
0210220211102220122
2102202111022201221
1022021110222012211
0220211102220122110
2202111022201221101
2021110222012211012
0211102220122110121
2111022201221101211

