Generation 699:
00001010022200012001
00010100222000120011
00101002220001200111
01010022200012001112
10100222000120011120
01002220001200111202
10022200012001112022
00222000120011120222
02220001200111202222
22200012001112022221
22000120011120222210
20001200111202222102
00012001112022221020
00120011120222210202
01200111202222102020
12001112022221020202
20011120222210202022
00111202222102020220
01112022221020202202
11120222210202022020
1120122111100112212
1201221111001122121
2012211110011221210
0122111100112212102
1221111001122121021
2211110011221210212
2111100112212102122
1111001122121021220
1110011221210212200
1100112212102122001
1001122121021220011
0011221210212200112
0112212102122001120
1122121021220011202
1221210212200112020
2212102122001120201
2121021220011202010
1210212200112020101
2102122001120201011
1021220011202010112

00001000020212102100
00010000202121021001
00100002021210210012
01000020212102100122
10000202121021001220
00002021210210012202
00020212102100122022
00202121021001220222
02021210210012202222
20212102100122022221
02121021001220222210
21210210012202222102
12102100122022221020
21021001220222210201
10210012202222102010
02100122022221020102
21001220222210201022
10012202222102010220
00122022221020102202
01220222210201022022
0201112111100122012
2011121111001220121
0111211110012201212
1112111100122012122
1121111001220121220
1211110012201212202
2111100122012122022
1111001220121220221
1110012201212202210
1100122012122022101
1001220121220221011
0012201212202210112
0122012122022101122
1220121220221011222
2201212202210112220
2012122022101122201
0121220221011222010
1212202210112220102
2122022101122201020
1220221011222010201

00000101112100012102
00001011121000121021
00010111210001210212
00101112100012102120
01011121000121021200
10111210001210212002
01112100012102120022
11121000121021200222
11210001210212002220
12100012102120022201
21000121021200222011
10001210212002220110
00012102120022201100
00121021200222011001
01210212002220110011
12102120022201100110
21021200222011001102
10212002220110011022
02120022201100110220
21200222011001102200
1011212211000111011
0112122110001110110
1121221100011101102
1212211000111011022
2122110001110110220
1221100011101102202
2211000111011022022
2110001110110220221
1100011101102202212
1000111011022022121
0001110110220221211
0011101102202212110
0111011022022121102
1110110220221211021
1101102202212110210
1011022022121102102
0110220221211021020
1102202212110210202
1022022121102102022
0220221211021020221

00000101112100012102
00001011121000121021
00010111210001210211
00101112100012102110
01011121000121021100
10111210001210211002
01112100012102110022
11121000121021100222
11210001210211002220
12100012102110022201
21000121021100222011
10001210211002220110
00012102110022201100
00121021100222011001
01210211002220110011
12102110022201100112
21021100222011001122
10211002220110011222
02110022201100112220
21100222011001122202
1011212211000111011
0112122110001110110
1121221100011101102
1212211000111011022
2122110001110110220
1221100011101102201
2211000111011022012
2110001110110220121
1100011101102201212
1000111011022012121
0001110110220121211
0011101102201212112
0111011022012121122
1110110220121211221
1101102201212112210
1011022012121122101
0110220121211221010
1102201212112210101
1022012121122101011
0220121211221010112

00001000000100002100
00010000001000021001
00100000010000210012
01000000100002100122
10000001000021001220
00000010000210012202
00000100002100122022
00001000021001220220
00010000210012202202
00100002100122022022
01000021001220220220
10000210012202202202
00002100122022022020
00021001220220220202
00210012202202202020
02100122022022020202
21001220220220202022
10012202202202020220
00122022022020202201
01220220220202022010
0220122111100112212
2201221111001122121
2012211110011221210
0122111100112212102
1221111001122121021
2211110011221210212
2111100112212102122
1111001122121021220
1110011221210212200
1100112212102122001
1001122121021220011
0011221210212200112
0112212102122001122
1122121021220011222
1221210212200112220
2212102122001122201
2121021220011222010
1210212200112220101
2102122001122201010
1021220011222010102

00021100022102002000
00211000221020020001
02110002210200200012
21100022102002000122
11000221020020001220
10002210200200012202
00022102002000122022
00221020020001220222
02210200200012202222
22102002000122022222
21020020001220222220
10200200012202222202
02002000122022222020
20020001220222220202
00200012202222202020
02000122022222020202
20001220222220202022
00012202222202020222
00122022222020202221
01220222220202022212
0120102111000122212
1201021110001222120
2010211100012221201
0102111000122212012
1021110001222120121
0211100012221201212
2111000122212012122
1110001222120121220
1100012221201212200
1000122212012122001
0001222120121220011
0012221201212200112
0122212012122001122
1222120121220011221
2221201212200112210
2212012122001122100
2120121220011221000
1201212200112210001
2012122001122100010
0121220011221000101

00001010022200012001
00010100222000120011
00101002220001200111
01010022200012001112
10100222000120011120
01002220001200111202
10022200012001112022
00222000120011120222
02220001200111202222
22200012001112022221
22000120011120222210
20001200111202222100
00012001112022221000
00120011120222210002
01200111202222100020
12001112022221000202
20011120222210002022
00111202222100020220
01112022221000202202
11120222210002022022
1121102111100112212
1211021111001122121
2110211110011221210
1102111100112212102
1021111001122121021
0211110011221210211
2111100112212102112
1111001122121021120
1110011221210211202
1100112212102112021
1001122121021120211
0011221210211202112
0112212102112021120
1122121021120211202
1221210211202112020
2212102112021120201
2121021120211202010
1210211202112020101
2102112021120201011
1021120211202010112

00000101112100012102
00001011121000121021
00010111210001210212
00101112100012102120
01011121000121021200
10111210001210212002
01112100012102120022
11121000121021200222
11210001210212002220
12100012102120022201
21000121021200222011
10001210212002220112
00012102120022201120
00121021200222011201
01210212002220112011
12102120022201120110
21021200222011201102
10212002220112011022
02120022201120110220
21200222011201102200
1011102111000111012
0111021110001110120
1110211100011101202
1102111000111012022
1021110001110120220
0211100011101202202
2111000111012022022
1110001110120220221
1100011101202202212
1000111012022022121
0001110120220221211
0011101202202212112
0111012022022121122
1110120220221211221
1101202202212112210
1012022022121122102
0120220221211221020
1202202212112210202
2022022121122102021
0220221211221020211

00000101012100012002
00001010121000120021
00010101210001200211
00101012100012002110
01010121000120021100
10101210001200211002
01012100012002110022
10121000120021100222
01210001200211002220
12100012002110022201
21000120021100222011
10001200211002220110
00012002110022201100
00120021100222011001
01200211002220110011
12002110022201100112
20021100222011001122
00211002220110011222
02110022201100112220
21100222011001122202
1011202211000112011
0112022110001120110
1120221100011201102
1202211000112011022
2022110001120110221
0221100011201102211
2211000112011022112
2110001120110221121
1100011201102211212
1000112011022112121
0001120110221121211
0011201102211212112
0112011022112121120
1120110221121211202
1201102211212112020
2011022112121120201
0110221121211202010
1102211212112020101
1022112121120201011
0221121211202010112

00001010122200012101
00010101222000121011
00101012220001210111
01010122200012101112
10101222000121011120
01012220001210111202
10122200012101112022
01222000121011120222
12220001210111202222
22200012101112022221
22000121011120222211
20001210111202222112
00012101112022221120
00121011120222211202
01210111202222112020
12101112022221120202
21011120222211202022
10111202222112020220
01112022221120202202
11120222211202022022
1120112111100112212
1201121111001122121
2011211110011221210
0112111100112212102
1121111001122121021
1211110011221210211
2111100112212102112
1111001122121021121
1110011221210211210
1100112212102112101
1001122121021121011
0011221210211210112
0112212102112101120
1122121021121011202
1221210211210112020
2212102112101120201
2121021121011202010
1210211210112020101
2102112101120201011
1021121011202010111

00021000020202102100
00210000202021021001
02100002020210210011
21000020202102100112
10000202021021001120
00002020210210011202
00020202102100112022
00202021021001120222
02020210210011202222
20202102100112022221
02021021001120222210
20210210011202222102
02102100112022221020
21021001120222210202
10210011202222102020
02100112022221020202
21001120222210202022
10011202222102020220
00112022221020202202
01120222210202022022
0100112111100122012
1001121111001220121
0011211110012201210
0112111100122012102
1121111001220121020
1211110012201210202
2111100122012102022
1111001220121020221
1110012201210202210
1100122012102022101
1001220121020221011
0012201210202210112
0122012102022101122
1220121020221011222
2201210202210112220
2012102022101122201
0121020221011222010
1210202210112220102
2102022101122201020
1020221011222010201

01021010002200012102
10210100022000121021
02101000220001210211
21010002200012102112
10100022000121021120
01000220001210211202
10002200012102112022
00022000121021120222
00220001210211202222
02200012102112022222
22000121021120222220
20001210211202222200
00012102112022222000
00121021120222220000
01210211202222200000
12102112022222000002
21021120222220000022
10211202222200000220
02112022222000002202
21120222220000022020
1120112111100112212
1201121111001122121
2011211110011221210
0112111100112212102
1121111001122121020
1211110011221210202
2111100112212102022
1111001122121020220
1110011221210202200
1100112212102022001
1001122121020220011
0011221210202200112
0112212102022001120
1122121020220011202
1221210202200112020
2212102022001120202
2121020220011202020
1210202200112020201
2102022001120202010
1020220011202020101

00201101010112102100
02011010101121021001
20110101011210210012
01101010112102100120
11010101121021001200
10101011210210012002
01010112102100120022
10101121021001200220
01011210210012002200
10112102100120022002
01121021001200220020
11210210012002200202
12102100120022002022
21021001200220020221
10210012002200202211
02100120022002022110
21001200220020221102
10012002200202211022
00120022002022110221
01200220020221102212
0201212111000121012
2012121110001210120
0121211100012101202
1212111000121012020
2121110001210120200
1211100012101202002
2111000121012020022
1110001210120200221
1100012101202002212
1000121012020022121
0001210120200221210
0012101202002212100
0121012020022121002
1210120200221210021
2101202002212100210
1012020022121002100
0120200221210021000
1202002212100210002
2020022121002100022
0200221210021000221

01021010002200012101
10210100022000121011
02101000220001210111
21010002200012101112
10100022000121011120
01000220001210111202
10002200012101112022
00022000121011120222
00220001210111202222
02200012101112022222
22000121011120222220
20001210111202222200
00012101112022222000
00121011120222220000
01210111202222200000
12101112022222000002
21011120222220000022
10111202222200000220
01112022222000002202
11120222220000022022
1120102111100112212
1201021111001122121
2010211110011221210
0102111100112212102
1021111001122121020
0211110011221210201
2111100112212102012
1111001122121020120
1110011221210201200
1100112212102012001
1001122121020120011
0011221210201200112
0112212102012001120
1122121020120011202
1221210201200112020
2212102012001120201
2121020120011202010
1210201200112020101
2102012001120201010
1020120011202010102

00000101102100112102
00001011021001121021
00010110210011210212
00101102100112102120
01011021001121021200
10110210011210212002
01102100112102120022
11021001121021200222
10210011210212002220
02100112102120022201
21001121021200222011
10011210212002220110
00112102120022201100
01121021200222011001
11210212002220110010
12102120022201100102
21021200222011001022
10212002220110010222
02120022201100102220
21200222011001022202
1110112111000121011
1101121110001210110
1011211100012101102
0112111000121011022
1121110001210110220
1211100012101102202
2111000121011022022
1110001210110220221
1100012101102202212
1000121011022022121
0001210110220221211
0012101102202212110
0121011022022121102
1210110220221211021
2101102202212110210
1011022022121102102
0110220221211021020
1102202212110210202
1022022121102102022
0220221211021020221

00221101010102102100
02211010101021021001
22110101010210210011
21101010102102100110
11010101021021001100
10101010210210011002
01010102102100110022
10101021021001100220
01010210210011002200
10102102100110022002
01021021001100220020
10210210011002200202
02102100110022002020
21021001100220020202
10210011002200202021
02100110022002020210
21001100220020202102
10011002200202021022
00110022002020210221
01100220020202102212
0100212111000121012
1002121110001210120
0021211100012101200
0212111000121012002
2121110001210120020
1211100012101200202
2111000121012002022
1110001210120020221
1100012101200202212
1000121012002022121
0001210120020221211
0012101200202212110
0121012002022121102
1210120020221211021
2101200202212110210
1012002022121102100
0120020221211021000
1200202212110210002
2002022121102100022
0020221211021000221

00000101112100012002
00001011121000120021
00010111210001200212
00101112100012002120
01011121000120021200
10111210001200212002
01112100012002120022
11121000120021200222
11210001200212002220
12100012002120022201
21000120021200222011
10001200212002220110
00012002120022201100
00120021200222011001
01200212002220110011
12002120022201100110
20021200222011001102
00212002220110011022
02120022201100110220
21200222011001102200
1011212211000111011
0112122110001110110
1121221100011101102
1212211000111011022
2122110001110110220
1221100011101102202
2211000111011022022
2110001110110220221
1100011101102202212
1000111011022022121
0001110110220221211
0011101102202212110
0111011022022121102
1110110220221211022
1101102202212110220
1011022022121102202
0110220221211022020
1102202212110220202
1022022121102202022
0220221211022020221

20201201110112001102
02012011101120011021
20120111011200110211
01201110112001102110
12011101120011021100
20111011200110211002
01110112001102110021
11101120011021100210
11011200110211002100
10112001102110021001
01120011021100210011
11200110211002100110
12001102110021001102
20011021100210011021
00110211002100110211
01102110021001102112
11021100210011021122
10211002100110211222
02110021001102112220
21100210011021122202
0201212221002122012
2012122210021220122
0121222100212201222
1212221002122012221
2122210021220122210
1222100212201222102
2221002122012221022
2210021220122210222
2100212201222102222
1002122012221022221
0021220122210222211
0212201222102222110
2122012221022221100
1220122210222211001
2201222102222110010
2012221022221100100
0122210222211001000
1222102222110010002
2221022221100100022
2210222211001000221

01000111012202112101
10001110122021121011
00011101220211210111
00111012202112101110
01110122021121011100
11101220211210111002
11012202112101110022
10122021121011100222
01220211210111002222
12202112101110022221
22021121011100222210
20211210111002222100
02112101110022221000
21121011100222210001
11210111002222100010
12101110022221000100
21011100222210001002
10111002222100010022
01110022221000100222
11100222210001002222
1100112111000121012
1001121110001210120
0011211100012101202
0112111000121012022
1121110001210120220
1211100012101202201
2111000121012022012
1110001210120220121
1100012101202201212
1000121012022012121
0001210120220121211
0012101202201212112
0121012022012121120
1210120220121211201
2101202201212112010
1012022012121120100
0120220121211201000
1202201212112010002
2022012121120100020
0220121211201000201

10001011000200102101
00010110002001021011
00101100020010210111
01011000200102101110
10110002001021011100
01100020010210111002
11000200102101110022
10002001021011100222
00020010210111002222
00200102101110022221
02001021011100222211
20010210111002222112
00102101110022221120
01021011100222211202
10210111002222112020
02101110022221120200
21011100222211202002
10111002222112020020
01110022221120200202
11100222211202002022
0102112111200111002
1021121112001110021
0211211120011100210
2112111200111002102
1121112001110021020
1211120011100210201
2111200111002102010
1112001110021020101
1120011100210201010
1200111002102010101
2001110021020101011
0011100210201010112
0111002102010101120
1110021020101011202
1100210201010112020
1002102010101120201
0021020101011202010
0210201010112020102
2102010101120201021
1020101011202010212

00000101112200012102
00001011122000121021
00010111220001210211
00101112200012102112
01011122000121021120
10111220001210211202
01112200012102112022
11122000121021120222
11220001210211202220
12200012102112022201
22000121021120222011
20001210211202220112
00012102112022201120
00121021120222011202
01210211202220112021
12102112022201120212
21021120222011202122
10211202220112021222
02112022201120212220
21120222011202122200
1120112211000112212
1201122110001122121
2011221100011221210
0112211000112212102
1122110001122121020
1221100011221210202
2211000112212102022
2110001122121020221
1100011221210202210
1000112212102022101
0001122121020221011
0011221210202210112
0112212102022101120
1122121020221011201
1221210202210112010
2212102022101120102
2121020221011201020
1210202210112010201
2102022101120102010
1020221011201020101

00200101010102002100
02001010101020021001
20010101010200210012
00101010102002100120
01010101020021001200
10101010200210012002
01010102002100120022
10101020021001200220
01010200210012002200
10102002100120022001
01020021001200220010
10200210012002200100
02002100120022001000
20021001200220010001
00210012002200100010
02100120022001000100
21001200220010001002
10012002200100010022
00120022001000100221
01200220010001002212
0201212211000121211
2012122110001212110
0121221100012121100
1212211000121211002
2122110001212110020
1221100012121100201
2211000121211002012
2110001212110020121
1100012121100201212
1000121211002012121
0001212110020121211
0012121100201212110
0121211002012121102
1212110020121211021
2121100201212110210
1211002012121102100
2110020121211021000
1100201212110210002
1002012121102100022
0020121211021000222

00001010122200012001
00010101222000120011
00101012220001200111
01010122200012001112
10101222000120011120
01012220001200111202
10122200012001112022
01222000120011120222
12220001200111202222
22200012001112022221
22000120011120222210
20001200111202222102
00012001112022221020
00120011120222210202
01200111202222102020
12001112022221020202
20011120222210202022
00111202222102020220
01112022221020202202
11120222210202022022
1120112111100111212
1201121111001112121
2011211110011121210
0112111100111212102
1121111001112121020
1211110011121210201
2111100111212102012
1111001112121020120
1110011121210201200
1100111212102012001
1001112121020120011
0011121210201200112
0111212102012001122
1112121020120011222
1121210201200112220
1212102012001122201
2121020120011222010
1210201200112220101
2102012001122201011
1020120011222010112

00000101012100012002
00001010121000120021
00010101210001200212
00101012100012002120
01010121000120021200
10101210001200212002
01012100012002120022
10121000120021200222
01210001200212002220
12100012002120022201
21000120021200222010
10001200212002220100
00012002120022201000
00120021200222010001
01200212002220100011
12002120022201000110
20021200222010001102
00212002220100011022
02120022201000110220
21200222010001102200
1011202211000111011
0112022110001110110
1120221100011101102
1202211000111011022
2022110001110110220
0221100011101102202
2211000111011022022
2110001110110220220
1100011101102202202
1000111011022022021
0001110110220220211
0011101102202202110
0111011022022021102
1110110220220211021
1101102202202110210
1011022022021102102
0110220220211021020
1102202202110210202
1022022021102102022
0220220211021020222

00000101112200012102
00001011122000121021
00010111220001210211
00101112200012102112
01011122000121021120
10111220001210211202
01112200012102112022
11122000121021120222
11220001210211202220
12200012102112022201
22000121021120222011
20001210211202220110
00012102112022201100
00121021120222011002
01210211202220110021
12102112022201100212
21021120222011002122
10211202220110021222
02112022201100212220
21120222011002122200
1121112211000112212
1211122110001122121
2111221100011221210
1112211000112212102
1122110001122121020
1221100011221210202
2211000112212102022
2110001122121020221
1100011221210202212
1000112212102022121
0001122121020221211
0011221210202212112
0112212102022121120
1122121020221211201
1221210202212112010
2212102022121120102
2121020221211201020
1210202212112010201
2102022121120102010
1020221211201020101

00201101110110102200
02011011101101022001
20110111011010220012
01101110110102200120
11011101101022001200
10111011010220012002
01110110102200120022
11101101022001200220
11011010220012002200
10110102200120022001
01101022001200220010
11010220012002200102
10102200120022001022
01022001200220010221
10220012002200102211
02200120022001022110
22001200220010221102
20012002200102211022
00120022001022110221
01200220010221102212
0011212111000121012
0112121110001210120
1121211100012101202
1212111000121012020
2121110001210120200
1211100012101202002
2111000121012020022
1110001210120200221
1100012101202002212
1000121012020022121
0001210120200221210
0012101202002212100
0121012020022121002
1210120200221210021
2101202002212100210
1012020022121002100
0120200221210021000
1202002212100210002
2020022121002100022
0200221210021000221

00201101110112102100
02011011101121021001
20110111011210210012
01101110112102100120
11011101121021001200
10111011210210012002
01110112102100120022
11101121021001200220
11011210210012002200
10112102100120022001
01121021001200220010
11210210012002200102
12102100120022001020
21021001200220010201
10210012002200102011
02100120022001020110
21001200220010201102
10012002200102011022
00120022001020110221
01200220010201102212
0201212111000121012
2012121110001210120
0121211100012101202
1212111000121012022
2121110001210120220
1211100012101202202
2111000121012022022
1110001210120220221
1100012101202202212
1000121012022022121
0001210120220221211
0012101202202212110
0121012022022121102
1210120220221211021
2101202202212110210
1012022022121102100
0120220221211021000
1202202212110210002
2022022121102100022
0220221211021000221

20101101110212102100
01011011102121021000
10110111021210210002
01101110212102100020
11011102121021000200
10111021210210002002
01110212102100020021
11102121021000200210
11021210210002002100
10212102100020021000
02121021000200210000
21210210002002100002
12102100020021000020
21021000200210000200
10210002002100002001
02100020021000020010
21000200210000200102
10002002100002001022
00020021000020010221
00200210000200102211
0211212111202122012
2112121112021220122
1121211120212201222
1212111202122012220
2121112021220122200
1211120212201222001
2111202122012220012
1112021220122200121
1120212201222001211
1202122012220012110
2021220122200121102
0212201222001211020
2122012220012110202
1220122200121102021
2201222001211020210
2012220012110202100
0122200121102021000
1222001211020210000
2220012110202100002
2200121102021000022

00021001120102102100
00210011201021021001
02100112010210210011
21001120102102100112
10011201021021001120
00112010210210011202
01120102102100112022
11201021021001120220
12010210210011202202
20102102100112022021
01021021001120220210
10210210011202202102
02102100112022021020
21021001120220210201
10210011202202102011
02100112022021020110
21001120220210201102
10011202202102011020
00112022021020110201
01120220210201102012
0200112111100122012
2001121111001220121
0011211110012201210
0112111100122012100
1121111001220121000
1211110012201210002
2111100122012100022
1111001220121000221
1110012201210002212
1100122012100022121
1001220121000221211
0012201210002212112
0122012100022121122
1220121000221211222
2201210002212112220
2012100022121122201
0121000221211222010
1210002212112220102
2100022121122201020
1000221211222010201

00000101112200012102
00001011122000121021
00010111220001210211
00101112200012102112
01011122000121021120
10111220001210211202
01112200012102112022
11122000121021120222
11220001210211202220
12200012102112022201
22000121021120222011
20001210211202220110
00012102112022201100
00121021120222011002
01210211202220110021
12102112022201100212
21021120222011002122
10211202220110021222
02112022201100212220
21120222011002122202
1111112211000111012
1111122110001110121
1111221100011101210
1112211000111012102
1122110001110121020
1221100011101210202
2211000111012102022
2110001110121020221
1100011101210202212
1000111012102022121
0001110121020221211
0011101210202212112
0111012102022121120
1110121020221211201
1101210202212112010
1012102022121120102
0121020221211201020
1210202212112010201
2102022121120102010
1020221211201020101

20201101012112102100
02011010121121021000
20110101211210210002
01101012112102100021
11010121121021000210
10101211210210002102
01012112102100021021
10121121021000210210
01211210210002102101
12112102100021021011
21121021000210210110
11210210002102101101
12102100021021011012
21021000210210110121
10210002102101101212
02100021021011012120
21000210210110121201
10002102101101212012
00021021011012120122
00210210110121201222
0220212121202121012
2202121212021210120
2021212120212101201
0212121202121012010
2121212021210120100
1212120212101201001
2121202121012010012
1212021210120100121
2120212101201001211
1202121012010012111
2021210120100121110
0212101201001211101
2121012010012111012
1210120100121110121
2101201001211101210
1012010012111012100
0120100121110121000
1201001211101210002
2010012111012100022
0100121110121000221

00201100010212102100
02011000102121021001
20110001021210210012
01100010212102100120
11000102121021001200
10001021210210012002
00010212102100120022
00102121021001200222
01021210210012002220
10212102100120022201
02121021001200222010
21210210012002220102
12102100120022201022
21021001200222010222
10210012002220102220
02100120022201022202
21001200222010222022
10012002220102220222
00120022201022202222
01200222010222022222
0101212111000121012
1012121110001210120
0121211100012101202
1212111000121012022
2121110001210120220
1211100012101202202
2111000121012022022
1110001210120220221
1100012101202202210
1000121012022022101
0001210120220221010
0012101202202210100
0121012022022101002
1210120220221010021
2101202202210100210
1012022022101002100
0120220221010021000
1202202210100210002
2022022101002100022
0220221010021000221

00000101102100112102
00001011021001121021
00010110210011210212
00101102100112102120
01011021001121021200
10110210011210212002
01102100112102120022
11021001121021200222
10210011210212002220
02100112102120022201
21001121021200222011
10011210212002220110
00112102120022201100
01121021200222011001
11210212002220110010
12102120022201100102
21021200222011001022
10212002220110010222
02120022201100102220
21200222011001022200
1120112111000122211
1201121110001222110
2011211100012221102
0112111000122211022
1121110001222110220
1211100012221102202
2111000122211022022
1110001222110220221
1100012221102202212
1000122211022022121
0001222110220221211
0012221102202212110
0122211022022121102
1222110220221211021
2221102202212110210
2211022022121102102
2110220221211021020
1102202212110210202
1022022121102102022
0220221211021020221

00001010022200012001
00010100222000120011
00101002220001200111
01010022200012001112
10100222000120011120
01002220001200111202
10022200012001112022
00222000120011120222
02220001200111202222
22200012001112022221
22000120011120222210
20001200111202222102
00012001112022221020
00120011120222210202
01200111202222102020
12001112022221020202
20011120222210202022
00111202222102020220
01112022221020202202
11120222210202022022
1120102111100112212
1201021111001122121
2010211110011221210
0102111100112212102
1021111001122121021
0211110011221210211
2111100112212102112
1111001122121021120
1110011221210211200
1100112212102112001
1001122121021120011
0011221210211200112
0112212102112001120
1122121021120011202
1221210211200112020
2212102112001120201
2121021120011202010
1210211200112020101
2102112001120201011
1021120011202010112

01001010002210012101
10010100022100121011
00101000221001210111
01010002210012101112
10100022100121011120
01000221001210111202
10002210012101112022
00022100121011120222
00221001210111202222
02210012101112022221
22100121011120222210
21001210111202222100
10012101112022221002
00121011120222210022
01210111202222100220
12101112022221002202
21011120222210022022
10111202222100220220
01112022221002202202
11120222210022022020
1020122111100112212
0201221111001122121
2012211110011221212
0122111100112212122
1221111001122121221
2211110011221212212
2111100112212122122
1111001122121221220
1110011221212212200
1100112212122122001
1001122121221220011
0011221212212200110
0112212122122001100
1122121221220011002
1221212212200110020
2212122122001100200
2121221220011002000
1212212200110020002
2122122001100200022
1221220011002000222

00000101010102102100
00001010101021021001
00010101010210210012
00101010102102100120
01010101021021001200
10101010210210012002
01010102102100120022
10101021021001200220
01010210210012002202
10102102100120022022
01021021001200220220
10210210012002202202
02102100120022022020
21021001200220220201
10210012002202202010
02100120022022020100
21001200220220201002
10012002202202010022
00120022022020100221
01200220220201002212
0200112111000121012
2001121110001210120
0011211100012101202
0112111000121012022
1121110001210120220
1211100012101202201
2111000121012022012
1110001210120220121
1100012101202201212
1000121012022012121
0001210120220121211
0012101202201212112
0121012022012121122
1210120220121211221
2101202201212112210
1012022012121122100
0120220121211221000
1202201212112210002
2022012121122100020
0220121211221000201

00201101110100102200
02011011101001022001
20110111010010220012
01101110100102200120
11011101001022001200
10111010010220012002
01110100102200120022
11101001022001200220
11010010220012002200
10100102200120022001
01001022001200220010
10010220012002200102
00102200120022001020
01022001200220010201
10220012002200102011
02200120022001020110
22001200220010201102
20012002200102011022
00120022001020110221
01200220010201102212
0111212111000121012
1112121110001210120
1121211100012101200
1212111000121012000
2121110001210120000
1211100012101200002
2111000121012000022
1110001210120000221
1100012101200002212
1000121012000022121
0001210120000221210
0012101200002212102
0121012000022121022
1210120000221210221
2101200002212102210
1012000022121022101
0120000221210221010
1200002212102210101
2000022121022101010
0000221210221010101

20201201110112001100
02012011101120011001
20120111011200110011
01201110112001100110
12011101120011001100
20111011200110011002
01110112001100110021
11101120011001100210
11011200110011002100
10112001100110021001
01120011001100210011
11200110011002100112
12001100110021001122
20011001100210011221
00110011002100112211
01100110021001122112
11001100210011221121
10011002100112211210
00110021001122112101
01100210011221121012
0202202221202122012
2022022212021220122
0220222120212201222
2202221202122012221
2022212021220122210
0222120212201222101
2221202122012221012
2212021220122210122
2120212201222101222
1202122012221012221
2021220122210122210
0212201222101222100
2122012221012221000
1220122210122210001
2201222101222100010
2012221012221000100
0122210122210001000
1222101222100010002
2221012221000100022
2210122210001000222

10001010022200002001
00010100222000020011
00101002220000200111
01010022200002001112
10100222000020011120
01002220000200111202
10022200002001112022
00222000020011120222
02220000200111202222
22200002001112022221
22000020011120222211
20000200111202222112
00002001112022221120
00020011120222211202
00200111202222112020
02001112022221120200
20011120222211202002
00111202222112020020
01112022221120200202
11120222211202002022
0122102111200112202
1221021112001122021
2210211120011220211
2102111200112202112
1021112001122021121
0211120011220211211
2111200112202112110
1112001122021121100
1120011220211211000
1200112202112110001
2001122021121100011
0011220211211000112
0112202112110001120
1122021121100011202
1220211211000112020
2202112110001120201
2021121100011202010
0211211000112020101
2112110001120201011
1121100011202010112

01021010002200012102
10210100022000121021
02101000220001210211
21010002200012102112
10100022000121021120
01000220001210211202
10002200012102112022
00022000121021120222
00220001210211202222
02200012102112022222
22000121021120222220
20001210211202222200
00012102112022222000
00121021120222220000
01210211202222200000
12102112022222000002
21021120222220000022
10211202222200000220
02112022222000002202
21120222220000022020
1120112111100112212
1201121111001122121
2011211110011221210
0112111100112212102
1121111001122121020
1211110011221210202
2111100112212102022
1111001122121020220
1110011221210202200
1100112212102022001
1001122121020220011
0011221210202200112
0112212102022001120
1122121020220011202
1221210202200112020
2212102022001120202
2121020220011202020
1210202200112020201
2102022001120202010
1020220011202020101

