Generation 699:
11022020202212011012
10220202022120110121
02202020221201101211
22020202212011012110
20202022120110121102
02020221201101211020
20202212011012110201
02022120110121102011
20221201101211020112
02212011012110201120
22120110121102011200
21201101211020112002
12011012110201120022
20110121102011200222
01101211020112002220
11012110201120022201
10121102011200222011
01211020112002220112
12110201120022201121
21102011200222011211
2222122121121210112
2221221211212101120
2212212112121011201
2122121121210112011
1221211212101120112
2212112121011201120
2121121210112011200
1211212101120112001
2112121011201120010
1121210112011200101
1212101120112001012
2121011201120010122
1210112011200101220
2101120112001012201
1011201120010122012
0112011200101220121
1120112001012201212
1201120010122012120
2011200101220121200
0112001012201212002

11011112200222100111
10111122002221001111
01111220022210011111
11112200222100111110
11122002221001111102
11220022210011111021
12200222100111110211
22002221001111102111
20022210011111021110
00222100111110211100
02221001111102111001
22210011111021110010
22100111110211100102
21001111102111001021
10011111021110010212
00111110211100102120
01111102111001021201
11111021110010212010
11110211100102120102
11102111001021201022
2120122121021222212
1201221210212222121
2012212102122221211
0122121021222212111
1221210212222121110
2212102122221211100
2121021222212111001
1210212222121110011
2102122221211100110
1021222212111001101
0212222121110011010
2122221211100110102
1222212111001101020
2222121110011010201
2221211100110102012
2212111001101020121
2121110011010201211
1211100110102012110
2111001101020121100
1110011010201211001

01012110101210012210
10121101012100122102
01211010121001221021
12110101210012210210
21101012100122102102
11010121001221021022
10101210012210210221
01012100122102102212
10121001221021022122
01210012210210221220
12100122102102212202
21001221021022122022
10012210210221220222
00122102102212202222
01221021022122022220
12210210221220222200
22102102212202222001
21021022122022220011
10210221220222200111
02102212202222001112
1200122121121220212
2001221211212202121
0012212112122021211
0122121121220212111
1221211212202121111
2212112122021211112
2121121220212111122
1211212202121111221
2112122021211112210
1121220212111122102
1212202121111221022
2122021211112210222
1220212111122102220
2202121111221022200
2021211112210222002
0212111122102220021
2121111221022200212
1211112210222002120
2111122102220021200
1111221022200212001

10022120212212022002
00221202122120220021
02212021221202200211
22120212212022002112
21202122120220021122
12021221202200211220
20212212022002112201
02122120220021122011
21221202200211220112
12212022002112201120
22120220021122011200
21202200211220112002
12022002112201120022
20220021122011200221
02200211220112002210
22002112201120022100
20021122011200221001
00211220112002210011
02112201120022100112
21122011200221001120
2210112121021212212
2101121210212122122
1011212102121221220
0112121021212212201
1121210212122122011
1212102121221220112
2121021212212201120
1210212122122011201
2102121221220112010
1021212212201120101
0212122122011201012
2121221220112010122
1212212201120101221
2122122011201012210
1221220112010122102
2212201120101221021
2122011201012210211
1220112010122102110
2201120101221021101
2011201012210211011

11022110112112022000
10221101121120220001
02211011211202200011
22110112112022000110
21101121120220001102
11011211202200011022
10112112022000110221
01121120220001102211
11211202200011022112
12112022000110221120
21120220001102211200
11202200011022112001
12022000110221120010
20220001102211200101
02200011022112001010
22000110221120010100
20001102211200101001
00011022112001010011
00110221120010100112
01102211200101001120
1012112021021210122
0121120210212101222
1211202102121012220
2112021021210122202
1120210212101222021
1202102121012220212
2021021210122202120
0210212101222021201
2102121012220212010
1021210122202120101
0212101222021201012
2121012220212010120
1210122202120101201
2101222021201012011
1012220212010120112
0122202120101201121
1222021201012011211
2220212010120112110
2202120101201121101
2021201012011211011

11012010201210012212
10120102012100122121
01201020121001221211
12010201210012212110
20102012100122121102
01020121001221211020
10201210012212110201
02012100122121102011
20121001221211020112
01210012212110201120
12100122121102011202
21001221211020112022
10012212110201120222
00122121102011202221
01221211020112022210
12212110201120222102
22121102011202221021
21211020112022210212
12110201120222102120
21102011202221021202
1020122121102220212
0201221211022202120
2012212110222021201
0122121102220212011
1221211022202120111
2212110222021201110
2121102220212011102
1211022202120111021
2110222021201110210
1102220212011102101
1022202120111021012
0222021201110210122
2220212011102101220
2202120111021012201
2021201110210122012
0212011102101220121
2120111021012201211
1201110210122012110
2011102101220121101
0111021012201211011

10022020202212001012
00220202022120010121
02202020221200101211
22020202212001012110
20202022120010121102
02020221200101211020
20202212001012110201
02022120010121102011
20221200101211020112
02212001012110201120
22120010121102011200
21200101211020112002
12001012110201120022
20010121102011200221
00101211020112002210
01012110201120022101
10121102011200221011
01211020112002210112
12110201120022101122
21102011200221011221
1222122121021210212
2221221210212102120
2212212102121021201
2122121021210212011
1221210212102120112
2212102121021201120
2121021210212011202
1210212102120112021
2102121021201120210
1021210212011202101
0212102120112021012
2121021201120210122
1210212011202101220
2102120112021012201
1021201120210122012
0212011202101220121
2120112021012201212
1201120210122012120
2011202101220121201
0112021012201212011

10012020202212002002
00120202022120020022
01202020221200200221
12020202212002002210
20202022120020022102
02020221200200221020
20202212002002210201
02022120020022102011
20221200200221020112
02212002002210201120
22120020022102011201
21200200221020112012
12002002210201120122
20020022102011201221
00200221020112012212
02002210201120122122
20022102011201221221
00221020112012212212
02210201120122122122
22102011201221221221
1222122121002220112
2221221210022201120
2212212100222011201
2122121002220112011
1221210022201120112
2212100222011201120
2121002220112011202
1210022201120112021
2100222011201120210
1002220112011202101
0022201120112021012
0222011201120210122
2220112011202101220
2201120112021012201
2011201120210122012
0112011202101220121
1120112021012201212
1201120210122012120
2011202101220121200
0112021012201212001

00012010101012102002
00120101010121020022
01201010101210200221
12010101012102002212
20101010121020022122
01010101210200221220
10101012102002212201
01010121020022122011
10101210200221220112
01012102002212201120
10121020022122011202
01210200221220112022
12102002212201120220
21020022122011202202
10200221220112022022
02002212201120220222
20022122011202202221
00221220112022022211
02212201120220222111
22122011202202221111
1220122121121220112
2201221211212201120
2012212112122011201
0122121121220112011
1221211212201120111
2212112122011201110
2121121220112011102
1211212201120111022
2112122011201110220
1121220112011102202
1212201120111022022
2122011201110220220
1220112011102202200
2201120111022022001
2011201110220220012
0112011102202200121
1120111022022001211
1201110220220012110
2011102202200121101
0111022022001211011

11022010102112022000
10220101021120220001
02201010211202200011
22010102112022000112
20101021120220001122
01010211202200011222
10102112022000112221
01021120220001122211
10211202200011222112
02112022000112221120
21120220001122211200
11202200011222112001
12022000112221120010
20220001122211200101
02200011222112001010
22000112221120010100
20001122211200101001
00011222112001010011
00112221120010100112
01122211200101001120
2010112021021212222
0101120210212122222
1011202102121222221
0112021021212222212
1120210212122222121
1202102121222221212
2021021212222212120
0210212122222121201
2102121222221212010
1021212222212120101
0212122222121201012
2121222221212010122
1212222212120101221
2122222121201012211
1222221212010122112
2222212120101221121
2222121201012211211
2221212010122112110
2212120101221121102
2121201012211211021

11021022101212001012
10210221012120010121
02102210121200101211
21022101212001012110
10221012120010121102
02210121200101211020
22101212001012110201
21012120010121102011
10121200101211020112
01212001012110201120
12120010121102011200
21200101211020112000
12001012110201120002
20010121102011200021
00101211020112000210
01012110201120002101
10121102011200021011
01211020112000210111
12110201120002101112
21102011200021011121
1222122121021210212
2221221210212102120
2212212102121021201
2122121021210212011
1221210212102120111
2212102121021201110
2121021210212011100
1210212102120111001
2102121021201110010
1021210212011100101
0212102120111001012
2121021201110010122
1210212011100101220
2102120111001012201
1021201110010122012
0212011100101220121
2120111001012201212
1201110010122012120
2011100101220121201
0111001012201212011

11012010101212011012
10120101012120110121
01201010121201101211
12010101212011012110
20101012120110121102
01010121201101211020
10101212011012110201
01012120110121102011
10121201101211020112
01212011012110201120
12120110121102011202
21201101211020112022
12011012110201120220
20110121102011202201
01101211020112022010
11012110201120220102
10121102011202201021
01211020112022010211
12110201120220102110
21102011202201021102
1000022120102222212
0000221201022222121
0002212010222221211
0022120102222212111
0221201022222121111
2212010222221211112
2120102222212111120
1201022222121111201
2010222221211112010
0102222212111120102
1022222121111201022
0222221211112010222
2222212111120102220
2222121111201022201
2221211112010222012
2212111120102220121
2121111201022201212
1211112010222012120
2111120102220121200
1111201022201212002

00022010201212002012
00220102012120020122
02201020121200201221
22010201212002012210
20102012120020122102
01020121200201221020
10201212002012210201
02012120020122102011
20121200201221020112
01212002012210201120
12120020122102011202
21200201221020112022
12002012210201120222
20020122102011202221
00201221020112022212
02012210201120222121
20122102011202221211
01221020112022212112
12210201120222121122
22102011202221211221
1212022121022210212
2120221210222102120
1202212102221021201
2022121022210212012
0221210222102120122
2212102221021201220
2121022210212012202
1210222102120122021
2102221021201220210
1022210212012202102
0222102120122021022
2221021201220210222
2210212012202102220
2102120122021022201
1021201220210222012
0212012202102220121
2120122021022201212
1201220210222012120
2012202102220121201
0122021022201212011

11012010101210012002
10120101012100120021
01201010121001200211
12010101210012002112
20101012100120021122
01010121001200211220
10101210012002112200
01012100120021122000
10121001200211220002
01210012002112200020
12100120021122000200
21001200211220002002
10012002112200020022
00120021122000200222
01200211220002002220
12002112200020022202
20021122000200222021
00211220002002220212
02112200020022202120
21122000200222021201
1002112121122222212
0021121211222222120
0211212112222221202
2112121122222212021
1121211222222120211
1212112222221202110
2121122222212021100
1211222222120211001
2112222221202110010
1122222212021100102
1222222120211001022
2222221202110010222
2222212021100102220
2222120211001022201
2221202110010222011
2212021100102220111
2120211001022201111
1202110010222011110
2021100102220111101
0211001022201111012

00012110101212101002
00121101012121010021
01211010121210100211
12110101212101002110
21101012121010021102
11010121210100211022
10101212101002110221
01012121010021102211
10121210100211022112
01212101002110221120
12121010021102211201
21210100211022112012
12101002110221120120
21010021102211201201
10100211022112012012
01002110221120120120
10021102211201201201
00211022112012012012
02110221120120120120
21102211201201201201
0020112121002212212
0201121210022122122
2011212100221221221
0112121002212212212
1121210022122122121
1212100221221221212
2121002212212212120
1210022122122121201
2100221221221212010
1002212212212120102
0022122122121201022
0221221221212010222
2212212212120102220
2122122121201022201
1221221212010222012
2212212120102220121
2122121201022201212
1221212010222012120
2212120102220121201
2121201022201212011

11022020202112001012
10220202021120010121
02202020211200101211
22020202112001012110
20202021120010121102
02020211200101211022
20202112001012110221
02021120010121102211
20211200101211022112
02112001012110221120
21120010121102211200
11200101211022112001
12001012110221120012
20010121102211200121
00101211022112001210
01012110221120012101
10121102211200121011
01211022112001210112
12110221120012101122
21102211200121011221
1022122021021210112
0221220210212101120
2212202102121011201
2122021021210112012
1220210212101120122
2202102121011201220
2021021210112012202
0210212101120122021
2102121011201220210
1021210112012202101
0212101120122021012
2121011201220210120
1210112012202101200
2101120122021012001
1011201220210120012
0112012202101200121
1120122021012001212
1201220210120012120
2012202101200121201
0122021012001212011

10012020202212001012
00120202022120010121
01202020221200101211
12020202212001012112
20202022120010121122
02020221200101211220
20202212001012112201
02022120010121122011
20221200101211220112
02212001012112201120
22120010121122011200
21200101211220112002
12001012112201120022
20010121122011200221
00101211220112002210
01012112201120022101
10121122011200221011
01211220112002210112
12112201120022101122
21122011200221011221
2220122121121212212
2201221211212122121
2012212112121221211
0122121121212212111
1221211212122121112
2212112121221211120
2121121212212111202
1211212122121112021
2112121221211120210
1121212212111202101
1212122121112021012
2121221211120210122
1212212111202101220
2122121112021012200
1221211120210122002
2212111202101220021
2121112021012200212
1211120210122002120
2111202101220021202
1112021012200212021

11012020201212002012
10120202012120020121
01202020121200201211
12020201212002012110
20202012120020121102
02020121200201211020
20201212002012110201
02012120020121102011
20121200201211020112
01212002012110201120
12120020121102011200
21200201211020112002
12002012110201120022
20020121102011200221
00201211020112002210
02012110201120022101
20121102011200221011
01211020112002210112
12110201120022101122
21102011200221011221
1002122121021210212
0021221210212102120
0212212102121021201
2122121021210212011
1221210212102120111
2212102121021201110
2121021210212011102
1210212102120111021
2102121021201110210
1021210212011102101
0212102120111021012
2121021201110210122
1210212011102101220
2102120111021012201
1021201110210122012
0212011102101220121
2120111021012201212
1201110210122012120
2011102101220121201
0111021012201212011

10012020202212001012
00120202022120010121
01202020221200101211
12020202212001012110
20202022120010121102
02020221200101211020
20202212001012110201
02022120010121102011
20221200101211020112
02212001012110201120
22120010121102011200
21200101211020112002
12001012110201120022
20010121102011200221
00101211020112002210
01012110201120022101
10121102011200221011
01211020112002210112
12110201120022101122
21102011200221011221
1222122121121210212
2221221211212102121
2212212112121021211
2122121121210212111
1221211212102121112
2212112121021211120
2121121210212111202
1211212102121112021
2112121021211120210
1121210212111202101
1212102121112021012
2121021211120210122
1210212111202101220
2102121112021012201
1021211120210122012
0212111202101220121
2121112021012201212
1211120210122012120
2111202101220121201
1112021012201212011

01022010101202011012
10220101012020110121
02201010120201101211
22010101202011012110
20101012020110121102
01010120201101211022
10101202011012110221
01012020110121102211
10120201101211022112
01202011012110221120
12020110121102211202
20201101211022112022
02011012110221120222
20110121102211202221
01101211022112022210
11012110221120222101
10121102211202221011
01211022112022210111
12110221120222101111
21102211202221011111
1200012120022212212
2000121200222122121
0001212002221221211
0012120022212212112
0121200222122121121
1212002221221211210
2120022212212112100
1200222122121121001
2002221221211210010
0022212212112100102
0222122121121001022
2221221211210010222
2212212112100102220
2122121121001022201
1221211210010222012
2212112100102220121
2121121001022201212
1211210010222012120
2112100102220121201
1121001022201212011

10022010202212012012
00220102022120120122
02201020221201201221
22010202212012012210
20102022120120122102
01020221201201221020
10202212012012210201
02022120120122102011
20221201201221020112
02212012012210201120
22120120122102011202
21201201221020112022
12012012210201120222
20120122102011202221
01201221020112022212
12012210201120222121
20122102011202221211
01221020112022212112
12210201120222121121
22102011202221211212
1222022121022212112
2220221210222121121
2202212102221211211
2022121022212112111
0221210222121121112
2212102221211211120
2121022212112111202
1210222121121112021
2102221211211120210
1022212112111202102
0222121121112021022
2221211211120210222
2212112111202102220
2121121112021022201
1211211120210222012
2112111202102220121
1121112021022201212
1211120210222012120
2111202102220121201
1112021022201212011

01012110101210012212
10121101012100122121
01211010121001221211
12110101210012212110
21101012100122121102
11010121001221211022
10101210012212110221
01012100122121102211
10121001221211022112
01210012212110221120
12100122121102211202
21001221211022112022
10012212110221120222
00122121102211202221
01221211022112022210
12212110221120222100
22121102211202221001
21211022112022210012
12110221120222100120
21102211202221001202
1000122121102220212
0001221211022202121
0012212110222021211
0122121102220212111
1221211022202121111
2212110222021211112
2121102220212111122
1211022202121111221
2110222021211112210
1102220212111122102
1022202121111221022
0222021211112210222
2220212111122102220
2202121111221022201
2021211112210222012
0212111122102220121
2121111221022201212
1211112210222012120
2111122102220121200
1111221022201212001

11012110111212012012
10121101112120120121
01211011121201201211
12110111212012012110
21101112120120121102
11011121201201211020
10111212012012110201
01112120120121102011
11121201201211020112
11212012012110201120
12120120121102011202
21201201211020112022
12012012110201120222
20120121102011202221
01201211020112022210
12012110201120222102
20121102011202221021
01211020112022210211
12110201120222102110
21102011202221021102
1000022121102220112
0000221211022201121
0002212110222011210
0022121102220112101
0221211022201121011
2212110222011210110
2121102220112101102
1211022201121011021
2110222011210110210
1102220112101102101
1022201121011021012
0222011210110210120
2220112101102101200
2201121011021012000
2011210110210120002
0112101102101200021
1121011021012000211
1210110210120002110
2101102101200021100
1011021012000211001

10022010202212101012
00220102022121010121
02201020221210101211
22010202212101012110
20102022121010121102
01020221210101211020
10202212101012110201
02022121010121102010
20221210101211020102
02212101012110201020
22121010121102010201
21210101211020102012
12101012110201020122
21010121102010201221
10101211020102012212
01012110201020122120
10121102010201221201
01211020102012212012
12110201020122120120
21102010201221201201
1222122121001210212
2221221210012102120
2212212100121021201
2122121001210212011
1221210012102120110
2212100121021201100
2121001210212011002
1210012102120110021
2100121021201100210
1001210212011002101
0012102120110021012
0121021201100210122
1210212011002101220
2102120110021012201
1021201100210122011
0212011002101220111
2120110021012201112
1201100210122011120
2011002101220111201
0110021012201112011

11012010101202012012
10120101012020120121
01201010120201201211
12010101202012012110
20101012020120121102
01010120201201211020
10101202012012110201
01012020120121102011
10120201201211020112
01202012012110201120
12020120121102011202
20201201211020112022
02012012110201120222
20120121102011202221
01201211020112022210
12012110201120222102
20121102011202221021
01211020112022210211
12110201120222102111
21102011202221021112
1020122121002220212
0201221210022202121
2012212100222021211
0122121002220212111
1221210022202121111
2212100222021211112
2121002220212111122
1210022202121111221
2100222021211112210
1002220212111122101
0022202121111221012
0222021211112210122
2220212111122101220
2202121111221012201
2021211112210122012
0212111122101220121
2121111221012201211
1211112210122012110
2111122101220121100
1111221012201211001

10012110102210011212
00121101022100112121
01211010221001121211
12110102210011212110
21101022100112121102
11010221001121211020
10102210011212110201
01022100112121102011
10221001121211020112
02210011212110201120
22100112121102011202
21001121211020112022
10011212110201120222
00112121102011202221
01121211020112022210
11212110201120222100
12121102011202221001
21211020112022210012
12110201120222100120
21102011202221001202
1200122121122220212
2001221211222202121
0012212112222021211
0122121122220212111
1221211222202121111
2212112222021211110
2121122220212111102
1211222202121111021
2112222021211110210
1122220212111102102
1222202121111021022
2222021211110210222
2220212111102102220
2202121111021022201
2021211110210222012
0212111102102220121
2121111021022201212
1211110210222012120
2111102102220121201
1111021022201212011

11012010201210002012
10120102012100020121
01201020121000201211
12010201210002012110
20102012100020121102
01020121000201211020
10201210002012110201
02012100020121102011
20121000201211020112
01210002012110201120
12100020121102011200
21000201211020112002
10002012110201120022
00020121102011200221
00201211020112002210
02012110201120022101
20121102011200221011
01211020112002210112
12110201120022101122
21102011200221011222
1022122121122222212
0221221211222222120
2212212112222221201
2122121122222212011
1221211222222120111
2212112222221201110
2121122222212011100
1211222222120111001
2112222221201110010
1122222212011100101
1222222120111001012
2222221201110010122
2222212011100101220
2222120111001012201
2221201110010122012
2212011100101220121
2120111001012201211
1201110010122012110
2011100101220121101
0111001012201211011

00022020202212002012
00220202022120020122
02202020221200201221
22020202212002012210
20202022120020122102
02020221200201221020
20202212002012210201
02022120020122102011
20221200201221020112
02212002012210201120
22120020122102011202
21200201221020112022
12002012210201120222
20020122102011202221
00201221020112022212
02012210201120222121
20122102011202221211
01221020112022212112
12210201120222121122
22102011202221211221
1222022121022210112
2220221210222101120
2202212102221011201
2022121022210112011
0221210222101120112
2212102221011201120
2121022210112011202
1210222101120112021
2102221011201120210
1022210112011202101
0222101120112021012
2221011201120210122
2210112011202101220
2101120112021012201
1011201120210122012
0112011202101220121
1120112021012201212
1201120210122012120
2011202101220121201
0112021012201212011

01012020201212002012
10120202012120020121
01202020121200201211
12020201212002012110
20202012120020121102
02020121200201211022
20201212002012110221
02012120020121102211
20121200201211022112
01212002012110221120
12120020121102211200
21200201211022112002
12002012110221120022
20020121102211200221
00201211022112002210
02012110221120022101
20121102211200221011
01211022112002210112
12110221120022101122
21102211200221011221
1022122121101210212
0221221211012102121
2212212110121021211
2122121101210212111
1221211012102121112
2212110121021211122
2121101210212111222
1211012102121112221
2110121021211122210
1101210212111222101
1012102121112221012
0121021211122210122
1210212111222101220
2102121112221012201
1021211122210122012
0212111222101220121
2121112221012201212
1211122210122012120
2111222101220121200
1112221012201212001

11012020101212012012
10120201012120120121
01202010121201201211
12020101212012012112
20201012120120121122
02010121201201211220
20101212012012112201
01012120120121122011
10121201201211220112
01212012012112201120
12120120121122011200
21201201211220112002
12012012112201120022
20120121122011200221
01201211220112002210
12012112201120022102
20121122011200221021
01211220112002210212
12112201120022102120
21122011200221021201
1000122121021210212
0001221210212102120
0012212102121021201
0122121021210212011
1221210212102120111
2212102121021201110
2121021210212011102
1210212102120111021
2102121021201110210
1021210212011102101
0212102120111021012
2121021201110210122
1210212011102101220
2102120111021012201
1021201110210122012
0212011102101220121
2120111021012201212
1201110210122012120
2011102101220121201
0111021012201212011

10022010202212002012
00220102022120020122
02201020221200201221
22010202212002012210
20102022120020122102
01020221200201221020
10202212002012210201
02022120020122102011
20221200201221020112
02212002012210201120
22120020122102011201
21200201221020112012
12002012210201120122
20020122102011201221
00201221020112012212
02012210201120122121
20122102011201221211
01221020112012212112
12210201120122121121
22102011201221211211
1222122121022210112
2221221210222101120
2212212102221011201
2122121022210112011
1221210222101120112
2212102221011201120
2121022210112011202
1210222101120112021
2102221011201120210
1022210112011202102
0222101120112021022
2221011201120210222
2210112011202102220
2101120112021022201
1011201120210222012
0112011202102220121
1120112021022201212
1201120210222012120
2011202102220121201
0112021022201212011

10022020201212002012
00220202012120020122
02202020121200201221
22020201212002012210
20202012120020122102
02020121200201221020
20201212002012210201
02012120020122102011
20121200201221020112
01212002012210201120
12120020122102011200
21200201221020112002
12002012210201120022
20020122102011200221
00201221020112002210
02012210201120022101
20122102011200221011
01221020112002210112
12210201120022101122
22102011200221011221
2212122121022210112
2121221210222101120
1212212102221011201
2122121022210112011
1221210222101120112
2212102221011201120
2121022210112011200
1210222101120112001
2102221011201120010
1022210112011200101
0222101120112001012
2221011201120010122
2210112011200101220
2101120112001012201
1011201120010122012
0112011200101220121
1120112001012201212
1201120010122012120
2011200101220121201
0112001012201212012

11011112200222100101
10111122002221001011
01111220022210010111
11112200222100101110
11122002221001011102
11220022210010111021
12200222100101110210
22002221001011102100
20022210010111021000
00222100101110210000
02221001011102100001
22210010111021000010
22100101110210000102
21001011102100001022
10010111021000010222
00101110210000102220
01011102100001022201
10111021000010222010
01110210000102220102
11102100001022201021
2122112121021222212
1221121210212222121
2211212102122221212
2112121021222212121
1121210212222121210
1212102122221212100
2121021222212121001
1210212222121210011
2102122221212100110
1021222212121001102
0212222121210011020
2122221212100110202
1222212121001102020
2222121210011020201
2221212100110202011
2212121001102020111
2121210011020201111
1212100110202011110
2121001102020111100
1210011020201111002

11012010201202011012
10120102012020110121
01201020120201101211
12010201202011012110
20102012020110121102
01020120201101211020
10201202011012110201
02012020110121102011
20120201101211020112
01202011012110201120
12020110121102011202
20201101211020112022
02011012110201120220
20110121102011202201
01101211020112022010
11012110201120220102
10121102011202201021
01211020112022010211
12110201120220102111
21102011202201021112
1000022120102222212
0000221201022222121
0002212010222221211
0022120102222212111
0221201022222121111
2212010222221211112
2120102222212111122
1201022222121111221
2010222221211112210
0102222212111122101
1022222121111221012
0222221211112210122
2222212111122101220
2222121111221012201
2221211112210122012
2212111122101220121
2121111221012201212
1211112210122012120
2111122101220121200
1111221012201212002

11022020202212011012
10220202022120110121
02202020221201101211
22020202212011012110
20202022120110121102
02020221201101211020
20202212011012110201
02022120110121102011
20221201101211020112
02212011012110201120
22120110121102011201
21201101211020112012
12011012110201120122
20110121102011201222
01101211020112012222
11012110201120122221
10121102011201222211
01211020112012222112
12110201120122221122
21102011201222211221
1222122121121210212
2221221211212102120
2212212112121021201
2122121121210212012
1221211212102120122
2212112121021201220
2121121210212012202
1211212102120122021
2112121021201220210
1121210212012202101
1212102120122021012
2121021201220210122
1210212012202101220
2102120122021012201
1021201220210122012
0212012202101220121
2120122021012201212
1201220210122012120
2012202101220121200
0122021012201212001

11012010101210012212
10120101012100122121
01201010121001221211
12010101210012212110
20101012100122121102
01010121001221211020
10101210012212110201
01012100122121102011
10121001221211020112
01210012212110201120
12100122121102011202
21001221211020112022
10012212110201120222
00122121102011202221
01221211020112022210
12212110201120222102
22121102011202221021
21211020112022210212
12110201120222102120
21102011202221021202
1000122121102220212
0001221211022202120
0012212110222021201
0122121102220212011
1221211022202120111
2212110222021201110
2121102220212011100
1211022202120111001
2110222021201110010
1102220212011100102
1022202120111001022
0222021201110010222
2220212011100102220
2202120111001022201
2021201110010222012
0212011100102220121
2120111001022201211
1201110010222012110
2011100102220121101
0111001022201211011

01012110101212011012
10121101012120110122
01211010121201101221
12110101212011012210
21101012120110122102
11010121201101221022
10101212011012210221
01012120110122102211
10121201101221022112
01212011012210221120
12120110122102211202
21201101221022112022
12011012210221120222
20110122102211202221
01101221022112022210
11012210221120222100
10122102211202221001
01221022112022210011
12210221120222100110
22102211202221001102
0020122121002220212
0201221210022202121
2012212100222021211
0122121002220212111
1221210022202121111
2212100222021211112
2121002220212111120
1210022202121111201
2100222021211112010
1002220212111120102
0022202121111201022
0222021211112010222
2220212111120102220
2202121111201022201
2021211112010222012
0212111120102220121
2121111201022201212
1211112010222012120
2111120102220121200
1111201022201212001

10012010101012112002
00120101010121120022
01201010101211200221
12010101012112002212
20101010121120022122
01010101211200221220
10101012112002212201
01010121120022122011
10101211200221220112
01012112002212201120
10121120022122011202
01211200221220112022
12112002212201120220
21120022122011202202
11200221220112022022
12002212201120220222
20022122011202202221
00221220112022022211
02212201120220222111
22122011202202221112
1220122121121222112
2201221211212221121
2012212112122211211
0122121121222112111
1221211212221121111
2212112122211211110
2121121222112111102
1211212221121111022
2112122211211110220
1121222112111102202
1212221121111022022
2122211211110220220
1222112111102202200
2221121111022022001
2211211110220220012
2112111102202200121
1121111022022001211
1211110220220012110
2111102202200121101
1111022022001211011

11012010101210012212
10120101012100122121
01201010121001221211
12010101210012212110
20101012100122121102
01010121001221211020
10101210012212110201
01012100122121102011
10121001221211020112
01210012212110201120
12100122121102011202
21001221211020112022
10012212110201120222
00122121102011202221
01221211020112022210
12212110201120222102
22121102011202221021
21211020112022210212
12110201120222102120
21102011202221021202
1000122121102220212
0001221211022202120
0012212110222021201
0122121102220212011
1221211022202120111
2212110222021201110
2121102220212011102
1211022202120111021
2110222021201110210
1102220212011102101
1022202120111021012
0222021201110210122
2220212011102101220
2202120111021012201
2021201110210122012
0212011102101220121
2120111021012201211
1201110210122012110
2011102101220121100
0111021012201211001

11012010201212012012
10120102012120120121
01201020121201201211
12010201212012012110
20102012120120121102
01020121201201211020
10201212012012110201
02012120120121102011
20121201201211020112
01212012012110201120
12120120121102011202
21201201211020112022
12012012110201120222
20120121102011202221
01201211020112022210
12012110201120222102
20121102011202221021
01211020112022210211
12110201120222102110
21102011202221021102
1020122121002220212
0201221210022202121
2012212100222021211
0122121002220212111
1221210022202121111
2212100222021211112
2121002220212111122
1210022202121111221
2100222021211112210
1002220212111122101
0022202121111221012
0222021211112210122
2220212111122101220
2202121111221012201
2021211112210122012
0212111122101220121
2121111221012201211
1211112210122012110
2111122101220121101
1111221012201211011

