Generation 699:
21020111220111021102
10201112201110211022
02011122011102110222
20111220111021102221
01112201110211022212
11122011102110222122
11220111021102221220
12201110211022212201
22011102110222122011
20111021102221220110
01110211022212201101
11102110222122011010
11021102221220110101
10211022212201101010
02110222122011010102
21102221220110101021
11022212201101010211
10222122011010102111
02221220110101021110
22212201101010211100
2020102202020112001
0201022020201120011
2010220202011200111
0102202020112001110
1022020201120011101
0220202011200111012
2202020112001110120
2020201120011101201
0202011200111012012
2020112001110120121
0201120011101201212
2011200111012012122
0112001110120121221
1120011101201212212
1200111012012122120
2001110120121221202
0011101201212212020
0111012012122120201
1110120121221202011
1101201212212020111

21001110120112001122
10011101201120011222
00111012011200112222
01110120112001122221
11101201120011222210
11012011200112222102
10120112001122221020
01201120011222210201
12011200112222102012
20112001122221020120
01120011222210201200
11200112222102012000
12001122221020120001
20011222210201200011
00112222102012000111
01122221020120001110
11222210201200011102
12222102012000111020
22221020120001110200
22210201200011102000
2000212201022112021
0002122010221120211
0021220102211202112
0212201022112021121
2122010221120211211
1220102211202112112
2201022112021121120
2010221120211211201
0102211202112112010
1022112021121120100
0221120211211201002
2211202112112010021
2112021121120100212
1120211211201002122
1202112112010021220
2021121120100212200
0211211201002122000
2112112010021220001
1121120100212200012
1211201002122000121

21021121120112001012
10211211201120010122
02112112011200101222
21121120112001012221
11211201120010122210
12112011200101222102
21120112001012221020
11201120010122210201
12011200101222102012
20112001012221020120
01120010122210201202
11200101222102012020
12001012221020120202
20010122210201202021
00101222102012020212
01012221020120202121
10122210201202021212
01222102012020212121
12221020120202121210
22210201202021212100
1000202101022112022
0002021010221120221
0020210102211202212
0202101022112022121
2021010221120221211
0210102211202212112
2101022112022121120
1010221120221211201
0102211202212112010
1022112022121120100
0221120221211201002
2211202212112010022
2112022121120100222
1120221211201002222
1202212112010022220
2022121120100222200
0221211201002222000
2212112010022220001
2121120100222200011
1211201002222000111

20021211120112020112
00212111201120201120
02121112011202011202
21211120112020112020
12111201120201120202
21112011202011202022
11120112020112020220
11201120201120202200
12011202011202022000
20112020112020220002
01120201120202200021
11202011202022000211
12020112020220002110
20201120202200021101
02011202022000211011
20112020220002110111
01120202200021101111
11202022000211011110
12020220002110111100
20202200021101111000
2011102101212201221
0111021012122012211
1110210121220122112
1102101212201221120
1021012122012211201
0210121220122112012
2101212201221120120
1012122012211201201
0121220122112012011
1212201221120120110
2122012211201201102
1220122112012011021
2201221120120110212
2012211201201102122
0122112012011021222
1221120120110212220
2211201201102122200
2112012011021222001
1120120110212220011
1201201102122200111

11020111120111001002
10201111201110010022
02011112011100100220
20111120111001002201
01111201110010022010
11112011100100220102
11120111001002201020
11201110010022010201
12011100100220102011
20111001002201020112
01110010022010201121
11100100220102011210
11001002201020112101
10010022010201121010
00100220102011210102
01002201020112101021
10022010201121010211
00220102011210102111
02201020112101021110
22010201121010211100
1121202001022112002
1212020010221120021
2120200102211200211
1202001022112002110
2020010221120021101
0200102211200211012
2001022112002110120
0010221120021101201
0102211200211012012
1022112002110120121
0221120021101201212
2211200211012012122
2112002110120121222
1120021101201212222
1200211012012122220
2002110120121222200
0021101201212222000
0211012012122220001
2110120121222200010
1101201212222000100

11020210200122000012
10202102001220000122
02021020012200001222
20210200122000012220
02102001220000122202
21020012200001222022
10200122000012220221
02001220000122202210
20012200001222022102
00122000012220221022
01220000122202210221
12200001222022102210
22000012220221022102
20000122202210221021
00001222022102210211
00012220221022102111
00122202210221021111
01222022102210211110
12220221022102111100
22202210221021111000
2021100201022210021
0211002010222100211
2110020102221002112
1100201022210021121
1002010222100211211
0020102221002112112
0201022210021121120
2010222100211211202
0102221002112112020
1022210021121120201
0222100211211202012
2221002112112020122
2210021121120201222
2100211211202012222
1002112112020122220
0021121120201222200
0211211202012222000
2112112020122220001
1121120201222200011
1211202012222000111

21000121220111021102
10001212201110211022
00012122011102110222
00121220111021102221
01212201110211022212
12122011102110222122
21220111021102221220
12201110211022212201
22011102110222122011
20111021102221220110
01110211022212201101
11102110222122011010
11021102221220110101
10211022212201101011
02110222122011010111
21102221220110101111
11022212201101011111
10222122011010111111
02221220110101111110
22212201101011111100
2020102202020112001
0201022020201120011
2010220202011200111
0102202020112001110
1022020201120011101
0220202011200111012
2202020112001110120
2020201120011101201
0202011200111012012
2020112001110120120
0201120011101201202
2011200111012012022
0112001110120120221
1120011101201202212
1200111012012022120
2001110120120221200
0011101201202212000
0111012012022120001
1110120120221200011
1101201202212000111

11020111220111001101
10201112201110011012
02011122011100110120
20111220111001101201
01112201110011012012
11122011100110120122
11220111001101201220
12201110011012012201
22011100110120122011
20111001101201220112
01110011012012201121
11100110120122011210
11001101201220112101
10011012012201121010
00110120122011210102
01101201220112101021
11012012201121010211
10120122011210102111
01201220112101021110
12012201121010211100
1120110002020111001
1201100020201110011
2011000202011100111
0110002020111001110
1100020201110011101
1000202011100111011
0002020111001110110
0020201110011101101
0202011100111011012
2020111001110110121
0201110011101101212
2011100111011012122
0111001110110121221
1110011101101212212
1100111011012122120
1001110110121221200
0011101101212212001
0111011012122120011
1110110121221200110
1101101212212001100

10020111220121101101
00201112201211011012
02011122012110110122
20111220121101101220
01112201211011012200
11122012110110122002
11220121101101220020
12201211011012200201
22012110110122002010
20121101101220020102
01211011012200201021
12110110122002010212
21101101220020102121
11011012200201021210
10110122002010212102
01101220020102121021
11012200201021210211
10122002010212102111
01220020102121021112
12200201021210211120
0120110002020111001
1201100020201110011
2011000202011100112
0110002020111001120
1100020201110011201
1000202011100112012
0002020111001120120
0020201110011201201
0202011100112012012
2020111001120120121
0201110011201201212
2011100112012012122
0111001120120121222
1110011201201212222
1100112012012122220
1001120120121222200
0011201201212222000
0112012012122220001
1120120121222200010
1201201212222000100

21020112220111021102
10201122201110211022
02011222011102110222
20112220111021102221
01122201110211022212
11222011102110222122
12220111021102221220
22201110211022212201
22011102110222122011
20111021102221220110
01110211022212201101
11102110222122011010
11021102221220110101
10211022212201101010
02110222122011010102
21102221220110101021
11022212201101010211
10222122011010102111
02221220110101021110
22212201101010211100
2020202201020112021
0202022010201120211
2020220102011202111
0202201020112021110
2022010201120211101
0220102011202111012
2201020112021110120
2010201120211101201
0102011202111012012
1020112021110120121
0201120211101201212
2011202111012012122
0112021110120121222
1120211101201212222
1202111012012122220
2021110120121222200
0211101201212222000
2111012012122220001
1110120121222200011
1101201212222000111

21020112120022000002
10201121200220000022
02011212002200000222
20112120022000002221
01121200220000022210
11212002200000222102
12120022000002221020
21200220000022210201
12002200000222102012
20022000002221020122
00220000022210201220
02200000222102012200
22000002221020122002
20000022210201220021
00000222102012200211
00002221020122002111
00022210201220021111
00222102012200211111
02221020122002111110
22210201220021111100
0000202202022212022
0002022020222120221
0020220202221202211
0202202022212022110
2022020222120221102
0220202221202211022
2202022212022110220
2020222120221102201
0202221202211022010
2022212022110220100
0222120221102201002
2221202211022010022
2212022110220100222
2120221102201002222
1202211022010022220
2022110220100222200
0221102201002222000
2211022010022220001
2110220100222200011
1102201002222000111

11000110220111000101
10001102201110001012
00011022011100010120
00110220111000101201
01102201110001012012
11022011100010120122
10220111000101201220
02201110001012012201
22011100010120122011
20111000101201220112
01110001012012201121
11100010120122011212
11000101201220112121
10001012012201121210
00010120122011212101
00101201220112121011
01012012201121210111
10120122011212101110
01201220112121011100
12012201121210111000
2120110002020211001
1201100020202110011
2011000202021100111
0110002020211001110
1100020202110011101
1000202021100111011
0002020211001110110
0020202110011101101
0202021100111011012
2020211001110110121
0202110011101101212
2021100111011012122
0211001110110121221
2110011101101212212
1100111011012122120
1001110110121221200
0011101101212212001
0111011012122120011
1110110121221200110
1101101212212001100

20021210100122001011
00212101001220010112
02121010012200101122
21210100122001011222
12101001220010112221
21010012200101122212
10100122001011222121
01001220010112221210
10012200101122212100
00122001011222121000
01220010112221210000
12200101122212100001
22001011222121000012
20010112221210000122
00101122212100001221
01011222121000012211
10112221210000122112
01122212100001221121
11222121000012211212
12221210000122112120
0001102101012202021
0011021010122020210
0110210101220202102
1102101012202021022
1021010122020210221
0210101220202102212
2101012202021022122
1010122020210221222
0101220202102212220
1012202021022122202
0122020210221222022
1220202102212220221
2202021022122202212
2020210221222022122
0202102212220221222
2021022122202212220
0210221222022122200
2102212220221222001
1022122202212220011
0221222022122200111

21020112220111001101
10201122201110011012
02011222011100110122
20112220111001101221
01122201110011012212
11222011100110122122
12220111001101221220
22201110011012212201
22011100110122122011
20111001101221220112
01110011012212201121
11100110122122011210
11001101221220112101
10011012212201121010
00110122122011210102
01101221220112101020
11012212201121010201
10122122011210102011
01221220112101020110
12212201121010201100
0000110202020111021
0001102020201110211
0011020202011102111
0110202020111021111
1102020201110211111
1020202011102111111
0202020111021111110
2020201110211111101
0202011102111111012
2020111021111110121
0201110211111101212
2011102111111012122
0111021111110121221
1110211111101212212
1102111111012122120
1021111110121221200
0211111101212212001
2111111012122120011
1111110121221200111
1111101212212001111

20021211100122000011
00212111001220000112
02121110012200001122
21211100122000011222
12111001220000112222
21110012200001122222
11100122000011222221
11001220000112222210
10012200001122222100
00122000011222221000
01220000112222210000
12200001122222100001
22000011222221000012
20000112222210000121
00001122222100001211
00011222221000012111
00112222210000121112
01122222100001211120
11222221000012111200
12222210000121112000
2001102101012202021
0011021010122020211
0110210101220202112
1102101012202021122
1021010122020211221
0210101220202112212
2101012202021122122
1010122020211221222
0101220202112212220
1012202021122122200
0122020211221222002
1220202112212220021
2202021122122200212
2020211221222002122
0202112212220021222
2021122122200212220
0211221222002122200
2112212220021222001
1122122200212220011
1221222002122200111

20020111120022000121
00201111200220001210
02011112002200012102
20111120022000121021
01111200220001210210
11112002200012102102
11120022000121021021
11200220001210210210
12002200012102102102
20022000121021021020
00220001210210210202
02200012102102102020
22000121021021020202
20001210210210202021
00012102102102020211
00121021021020202110
01210210210202021102
12102102102020211020
21021021020202110202
10210210202021102020
0101200101022102121
1012001010221021211
0120010102210212111
1200101022102121112
2001010221021211122
0010102210212111222
0101022102121112222
1010221021211122221
0102210212111222212
1022102121112222121
0221021211122221212
2210212111222212122
2102121112222121221
1021211122221212212
0212111222212122122
2121112222121221220
1211122221212212200
2111222212122122001
1112222121221220010
1122221212212200101

21020110120112020022
10201101201120200220
02011012011202002202
20110120112020022021
01101201120200220210
11012011202002202102
10120112020022021020
01201120200220210201
12011202002202102012
20112020022021020122
01120200220210201221
11202002202102012210
12020022021020122102
20200220210201221020
02002202102012210202
20022021020122102021
00220210201221020212
02202102012210202120
22021020122102021202
20210201221020212020
0100102201012112021
1001022010121120211
0010220101211202112
0102201012112021121
1022010121120211212
0220101211202112122
2201012112021121220
2010121120211212201
0101211202112122011
1012112021121220111
0121120211212201112
1211202112122011122
2112021121220111222
1120211212201112222
1202112122011122222
2021121220111222220
0211212201112222200
2112122011122222001
1121220111222220011
1212201112222200111

21020110120012021122
10201101200120211222
02011012001202112220
20110120012021122201
01101200120211222012
11012001202112220122
10120012021122201221
01200120211222012210
12001202112220122101
20012021122201221012
00120211222012210122
01202112220122101220
12021122201221012202
20211222012210122021
02112220122101220211
21122201221012202110
11222012210122021101
12220122101220211011
22201221012202110110
22012210122021101100
1101200101022110221
1012001010221102210
0120010102211022101
1200101022110221011
2001010221102210112
0010102211022101121
0101022110221011212
1010221102210112121
0102211022101121212
1022110221011212121
0221102210112121212
2211022101121212122
2110221011212121221
1102210112121212212
1022101121212122120
0221011212121221200
2210112121212212001
2101121212122120011
1011212121221200111
0112121212212001111

21001210100122000012
10012101001220000122
00121010012200001222
01210100122000012222
12101001220000122222
21010012200001222222
10100122000012222221
01001220000122222210
10012200001222222102
00122000012222221020
01220000122222210201
12200001222222102012
22000012222221020122
20000122222210201221
00001222222102012211
00012222221020122111
00122222210201221112
01222222102012211120
12222221020122111200
22222210201221112000
2021102101212202021
0211021012122020211
2110210121220202111
1102101212202021112
1021012122020211121
0210121220202111212
2101212202021112122
1012122020211121222
0121220202111212220
1212202021112122201
2122020211121222012
1220202111212220122
2202021112122201221
2020211121222012212
0202111212220122122
2021112122201221220
0211121222012212200
2111212220122122001
1112122201221220010
1121222012212200101

21000111120022000122
10001111200220001220
00011112002200012202
00111120022000122021
01111200220001220210
11112002200012202102
11120022000122021021
11200220001220210210
12002200012202102102
20022000122021021022
00220001220210210222
02200012202102102220
22000122021021022202
20001220210210222021
00012202102102220211
00122021021022202110
01220210210222021102
12202102102220211020
22021021022202110202
20210210222021102020
0100200201022110121
1002002010221101211
0020020102211012112
0200201022110121121
2002010221101211211
0020102211012112112
0201022110121121120
2010221101211211201
0102211012112112010
1022110121121120101
0221101211211201012
2211012112112010122
2110121121120101222
1101211211201012222
1012112112010122220
0121121120101222200
1211211201012222000
2112112010122220001
1121120101222200011
1211201012222000111

21000120120112020022
10001201201120200220
00012012011202002202
00120120112020022021
01201201120200220210
12012011202002202102
20120112020022021020
01201120200220210201
12011202002202102012
20112020022021020122
01120200220210201221
11202002202102012210
12020022021020122102
20200220210201221021
02002202102012210211
20022021020122102111
00220210201221021112
02202102012210211120
22021020122102111202
20210201221021112020
0100102201012112021
1001022010121120211
0010220101211202112
0102201012112021121
1022010121120211212
0220101211202112122
2201012112021121220
2010121120211212201
0101211202112122011
1012112021121220110
0121120211212201102
1211202112122011022
2112021121220110222
1120211212201102222
1202112122011022222
2021121220110222220
0211212201102222200
2112122011022222001
1121220110222220011
1212201102222200111

11020121220112011101
10201212201120111012
02012122011201110120
20121220112011101201
01212201120111012011
12122011201110120112
21220112011101201120
12201120111012011201
22011201110120112012
20112011101201120122
01120111012011201220
11201110120112012202
12011101201120122021
20111012011201220210
01110120112012202102
11101201120122021021
11012011201220210211
10120112012202102111
01201120122021021110
12011201220210211100
0120102202010111021
1201022020101110211
2010220201011102112
0102202010111021120
1022020101110211201
0220201011102112011
2202010111021120110
2020101110211201101
0201011102112011011
2010111021120110111
0101110211201101112
1011102112011011122
0111021120110111221
1110211201101112212
1102112011011122120
1021120110111221200
0211201101112212001
2112011011122120010
1120110111221200100
1201101112212001002

20020211100121000011
00202111001210000112
02021110012100001122
20211100121000011222
02111001210000112222
21110012100001122222
11100121000011222221
11001210000112222211
10012100001122222111
00121000011222221112
01210000112222211120
12100001122222111201
21000011222221112012
10000112222211120121
00001122222111201211
00011222221112012111
00112222211120121112
01122222111201211120
11222221112012111200
12222211120121112000
2001102002012102021
0011020020121020211
0110200201210202111
1102002012102021112
1020020121020211121
0200201210202111212
2002012102021112122
0020121020211121222
0201210202111212220
2012102021112122200
0121020211121222002
1210202111212220021
2102021112122200212
1020211121222002122
0202111212220021222
2021112122200212220
0211121222002122200
2111212220021222001
1112122200212220011
1121222002122200111

21000110120112020022
10001101201120200220
00011012011202002202
00110120112020022021
01101201120200220210
11012011202002202102
10120112020022021020
01201120200220210201
12011202002202102012
20112020022021020122
01120200220210201221
11202002202102012210
12020022021020122102
20200220210201221021
02002202102012210211
20022021020122102111
00220210201221021112
02202102012210211120
22021020122102111202
20210201221021112020
0100102201022211021
1001022010222110211
0010220102221102112
0102201022211021121
1022010222110211211
0220102221102112112
2201022211021121120
2010222110211211201
0102221102112112011
1022211021121120110
0222110211211201102
2221102112112011022
2211021121120110222
2110211211201102222
1102112112011022220
1021121120110222200
0211211201102222000
2112112011022220001
1121120110222200011
1211201102222000111

11020111220112121101
10201112201121211012
02011122011212110122
20111220112121101221
01112201121211012212
11122011212110122122
11220112121101221220
12201121211012212201
22011212110122122011
20112121101221220112
01121211012212201122
11212110122122011220
12121101221220112201
21211012212201122010
12110122122011220102
21101221220112201021
11012212201122010211
10122122011220102111
01221220112201021112
12212201122010211120
1120100102020111021
1201001020201110210
2010010202011102102
0100102020111021021
1001020201110210211
0010202011102102112
0102020111021021120
1020201110210211201
0202011102102112012
2020111021021120121
0201110210211201212
2011102102112012122
0111021021120121221
1110210211201212212
1102102112012122120
1021021120121221200
0210211201212212000
2102112012122120001
1021120121221200010
0211201212212000100

11020210200122000011
10202102001220000112
02021020012200001122
20210200122000011221
02102001220000112212
21020012200001122122
10200122000011221221
02001220000112212210
20012200001122122102
00122000011221221020
01220000112212210200
12200001122122102000
22000011221221020002
20000112212210200021
00001122122102000211
00011221221020002111
00112212210200021111
01122122102000211110
11221221020002111100
12212210200021111000
2021100101022202021
0211001010222020211
2110010102220202112
1100101022202021122
1001010222020211221
0010102220202112212
0101022202021122122
1010222020211221222
0102220202112212220
1022202021122122200
0222020211221222002
2220202112212220022
2202021122122200222
2020211221222002222
0202112212220022222
2021122122200222220
0211221222002222200
2112212220022222001
1122122200222220011
1221222002222200111

21020120120112000022
10201201201120000222
02012012011200002222
20120120112000022221
01201201120000222211
12012011200002222112
20120112000022221120
01201120000222211201
12011200002222112012
20112000022221120122
01120000222211201220
11200002222112012200
12000022221120122002
20000222211201220021
00002222112012200211
00022221120122002110
00222211201220021102
02222112012200211020
22221120122002110200
22211201220021102000
0100202201022112021
1002022010221120211
0020220102211202112
0202201022112021121
2022010221120211212
0220102211202112122
2201022112021121220
2010221120211212201
0102211202112122010
1022112021121220100
0221120211212201002
2211202112122010022
2112021121220100222
1120211212201002222
1202112122010022220
2021121220100222200
0211212201002222000
2112122010022220001
1121220100222200011
1212201002222000111

20021120120112000012
00211201201120000122
02112012011200001222
21120120112000012220
11201201120000122200
12012011200001222002
20120112000012220020
01201120000122200201
12011200001222002012
20112000012220020120
01120000122200201202
11200001222002012022
12000012220020120222
20000122200201202221
00001222002012022211
00012220020120222111
00122200201202221112
01222002012022211120
12220020120222111200
22200201202221112000
2001202101022212022
0012021010222120221
0120210102221202212
1202101022212022121
2021010222120221212
0210102221202212122
2101022212022121220
1010222120221212201
0102221202212122012
1022212022121220120
0222120221212201202
2221202212122012022
2212022121220120222
2120221212201202222
1202212122012022220
2022121220120222200
0221212201202222000
2212122012022220001
2121220120222200011
1212201202222000111

21111110202111001122
11111102021110011222
11111020211100112220
11110202111001122202
11102021110011222022
11020211100112220222
10202111001122202221
02021110011222022210
20211100112220222101
02111001122202221012
21110011222022210121
11100112220222101210
11001122202221012100
10011222022210121002
00112220222101210021
01122202221012100211
11222022210121002112
12220222101210021121
22202221012100211212
22022210121002112120
1010110001022111001
0101100010221110011
1011000102211100111
0110001022111001111
1100010221110011111
1000102211100111110
0001022111001111100
0010221110011111001
0102211100111110012
1022111001111100120
0221110011111001202
2211100111110012022
2111001111100120222
1110011111001202222
1100111110012022221
1001111100120222210
0011111001202222100
0111110012022221001
1111100120222210011
1111001202222100110

11021111220112001101
10211112201120011012
02111122011200110120
21111220112001101201
11112201120011012012
11122011200110120122
11220112001101201220
12201120011012012200
22011200110120122000
20112001101201220000
01120011012012200001
11200110120122000010
12001101201220000101
20011012012200001010
00110120122000010102
01101201220000101021
11012012200001010211
10120122000010102111
01201220000101021110
12012200001010211100
1120110101020211001
1201101010202110011
2011010102021100112
0110101020211001120
1101010202110011201
1010102021100112011
0101020211001120110
1010202110011201101
0102021100112011012
1020211001120110121
0202110011201101212
2021100112011012122
0211001120110121221
2110011201101212212
1100112011012122120
1001120110121221200
0011201101212212001
0112011012122120011
1120110121221200110
1201101212212001100

20021220120112001112
00212201201120011122
02122012011200111222
21220120112001112220
12201201120011122201
22012011200111222012
20120112001112220120
01201120011122201200
12011200111222012000
20112001112220120002
01120011122201200020
11200111222012000201
12001112220120002010
20011122201200020102
00111222012000201021
01112220120002010210
11122201200020102101
11222012000201021011
12220120002010210110
22201200020102101100
0011202101212102221
0112021012121022210
1120210121210222102
1202101212102221020
2021012121022210202
0210121210222102022
2101212102221020220
1012121022210202201
0121210222102022010
1212102221020220102
2121022210202201022
1210222102022010221
2102221020220102212
1022210202201022122
0222102022010221222
2221020220102212220
2210202201022122200
2102022010221222001
1020220102212220011
0202201022122200111

20020110120021001122
00201101200210011222
02011012002100112220
20110120021001122200
01101200210011222000
11012002100112220002
10120021001122200021
01200210011222000210
12002100112220002100
20021001122200021002
00210011222000210021
02100112220002100212
21001122200021002122
10011222000210021221
00112220002100212211
01122200021002122110
11222000210021221101
12220002100212211011
22200021002122110110
22000210021221101100
0101210001022110201
1012100010221102011
0121000102211020111
1210001022110201110
2100010221102011102
1000102211020111021
0001022110201110212
0010221102011102121
0102211020111021212
1022110201110212121
0221102011102121212
2211020111021212122
2110201110212121222
1102011102121212222
1020111021212122220
0201110212121222200
2011102121212222001
0111021212122220011
1110212121222200111
1102121212222001111

21001120120112000002
10011201201120000022
00112012011200000222
01120120112000002221
11201201120000022210
12012011200000222102
20120112000002221020
01201120000022210201
12011200000222102012
20112000002221020120
01120000022210201202
11200000222102012022
12000002221020120222
20000022210201202221
00000222102012022211
00002221020120222111
00022210201202221112
00222102012022211120
02221020120222111200
22210201202221112000
2000202101022212022
0002021010222120221
0020210102221202212
0202101022212022121
2021010222120221211
0210102221202212112
2101022212022121120
1010222120221211201
0102221202212112010
1022212022121120100
0222120221211201002
2221202212112010022
2212022121120100222
2120221211201002222
1202212112010022220
2022121120100222200
0221211201002222000
2212112010022220001
2121120100222200011
1211201002222000111

21021110120111000012
10211101201110000122
02111012011100001222
21110120111000012221
11101201110000122210
11012011100001222102
10120111000012221020
01201110000122210201
12011100001222102011
20111000012221020110
01110000122210201102
11100001222102011021
11000012221020110211
10000122210201102111
00001222102011021112
00012221020110211121
00122210201102111212
01222102011021112120
12221020110211121200
22210201102111212000
2000202101022212022
0002021010222120221
0020210102221202212
0202101022212022121
2021010222120221211
0210102221202212112
2101022212022121120
1010222120221211201
0102221202212112010
1022212022121120101
0222120221211201012
2221202212112010122
2212022121120101222
2120221211201012222
1202212112010122220
2022121120101222200
0221211201012222000
2212112010122220001
2121120101222200011
1211201012222000111

11020121220011001122
10201212200110011222
02012122001100112220
20121220011001122201
01212200110011222012
12122001100112220122
21220011001122201220
12200110011222012201
22001100112220122011
20011001122201220112
00110011222012201120
01100112220122011200
11001122201220112001
10011222012201120010
00112220122011200102
01122201220112001021
11222012201120010211
12220122011200102111
22201220112001021110
22012201120010211100
0120210001020111001
1202100010201110011
2021000102011100112
0210001020111001120
2100010201110011202
1000102011100112021
0001020111001120210
0010201110011202101
0102011100112021012
1020111001120210121
0201110011202101212
2011100112021012122
0111001120210121221
1110011202101212212
1100112021012122120
1001120210121221200
0011202101212212001
0112021012122120011
1120210121221200110
1202101212212001100

21001120120112000022
10011201201120000222
00112012011200002222
01120120112000022221
11201201120000222210
12012011200002222102
20120112000022221020
01201120000222210201
12011200002222102012
20112000022221020120
01120000222210201200
11200002222102012001
12000022221020120012
20000222210201200121
00002222102012001211
00022221020120012110
00222210201200121102
02222102012001211020
22221020120012110200
22210201200121102000
0100212201022212021
1002122010222120211
0021220102221202112
0212201022212021121
2122010222120211210
1220102221202112102
2201022212021121020
2010222120211210201
0102221202112102010
1022212021121020100
0222120211210201002
2221202112102010022
2212021121020100222
2120211210201002222
1202112102010022220
2021121020100222200
0211210201002222000
2112102010022220001
1121020100222200011
1210201002222000110

21000122120112001002
10001221201120010022
00012212011200100222
00122120112001002221
01221201120010022212
12212011200100222122
22120112001002221220
21201120010022212201
12011200100222122012
20112001002221220120
01120010022212201201
11200100222122012010
12001002221220120102
20010022212201201020
00100222122012010201
01002221220120102011
10022212201201020111
00222122012010201111
02221220120102011110
22212201201020111100
2020202201022112022
0202022010221120221
2020220102211202211
0202201022112022110
2022010221120221101
0220102211202211012
2201022112022110120
2010221120221101201
0102211202211012010
1022112022110120100
0221120221101201002
2211202211012010022
2112022110120100222
1120221101201002222
1202211012010022220
2022110120100222202
0221101201002222020
2211012010022220201
2110120100222202011
1101201002222020111

21020110120122000001
10201101201220000012
02011012012200000122
20110120122000001221
01101201220000012210
11012012200000122102
10120122000001221020
01201220000012210201
12012200000122102012
20122000001221020122
01220000012210201221
12200000122102012210
22000001221020122102
20000012210201221021
00000122102012210211
00001221020122102110
00012210201221021102
00122102012210211020
01221020122102110200
12210201221021102000
1100100202022112021
1001002020221120211
0010020202211202111
0100202022112021111
1002020221120211111
0020202211202111112
0202022112021111120
2020221120211111201
0202211202111112010
2022112021111120100
0221120211111201002
2211202111112010022
2112021111120100222
1120211111201002222
1202111112010022220
2021111120100222200
0211111201002222000
2111112010022220001
1111120100222200012
1111201002222000121

20000110120112000022
00001101201120000222
00011012011200002222
00110120112000022221
01101201120000222210
11012011200002222102
10120112000022221020
01201120000222210201
12011200002222102012
20112000022221020122
01120000222210201220
11200002222102012200
12000022221020122002
20000222210201220021
00002222102012200211
00022221020122002111
00222210201220021112
02222102012200211120
22221020122002111200
22210201220021112000
0101202201222112022
1012022012221120221
0120220122211202212
1202201222112022122
2022012221120221222
0220122211202212222
2201222112022122220
2012221120221222201
0122211202212222010
1222112022122220100
2221120221222201002
2211202212222010021
2112022122220100212
1120221222201002120
1202212222010021200
2022122220100212000
0221222201002120000
2212222010021200001
2122220100212000012
1222201002120000121

21010111220111000101
10101112201110001012
01011122011100010120
10111220111000101201
01112201110001012012
11122011100010120122
11220111000101201221
12201110001012012211
22011100010120122111
20111000101201221112
01110001012012211121
11100010120122111210
11000101201221112102
10001012012211121020
00010120122111210201
00101201221112102011
01012012211121020111
10120122111210201111
01201221112102011112
12012211121020111120
1120110201020111101
1201102010201111011
2011020102011110111
0110201020111101111
1102010201111011111
1020102011110111111
0201020111101111110
2010201111011111101
0102011110111111012
1020111101111110121
0201111011111101212
2011110111111012122
0111101111110121222
1111011111101212222
1110111111012122220
1101111110121222200
1011111101212222001
0111111012122220011
1111110121222200110
1111101212222001100

