Generation 699:
22222202001020011221
22222020010200112210
22220200102001122100
22202001020011221002
22020010200112210022
20200102001122100221
02001020011221002212
20010200112210022122
00102001122100221222
01020011221002212220
10200112210022122202
02001122100221222020
20011221002212220202
00112210022122202021
01122100221222020212
11221002212220202120
12210022122202021202
22100221222020212021
21002212220202120211
10022122202021202111
1000110122010102011
0001101220101020111
0011012201010201110
0110122010102011101
1101220101020111011
1012201010201110110
0122010102011101101
1220101020111011012
2201010201110110122
2010102011101101221
0101020111011012211
1010201110110122111
0102011101101221111
1020111011012211112
0201110110122111120
2011101101221111202
0111011012211112021
1110110122111120210
1101101221111202101
1011012211112021011

22222202001020011221
22222020010200112210
22220200102001122100
22202001020011221002
22020010200112210022
20200102001122100221
02001020011221002212
20010200112210022122
00102001122100221222
01020011221002212220
10200112210022122202
02001122100221222020
20011221002212220202
00112210022122202021
01122100221222020212
11221002212220202120
12210022122202021202
22100221222020212021
21002212220202120211
10022122202021202111
1000110122010102011
0001101220101020111
0011012201010201110
0110122010102011101
1101220101020111011
1012201010201110110
0122010102011101101
1220101020111011012
2201010201110110122
2010102011101101221
0101020111011012211
1010201110110122111
0102011101101221111
1020111011012211112
0201110110122111120
2011101101221111202
0111011012211112021
1110110122111120210
1101101221111202101
1011012211112021011

22222202001020011221
22222020010200112210
22220200102001122100
22202001020011221002
22020010200112210022
20200102001122100221
02001020011221002212
20010200112210022122
00102001122100221222
01020011221002212220
10200112210022122202
02001122100221222020
20011221002212220202
00112210022122202021
01122100221222020212
11221002212220202120
12210022122202021202
22100221222020212021
21002212220202120211
10022122202021202111
1000110122010102011
0001101220101020111
0011012201010201110
0110122010102011101
1101220101020111011
1012201010201110110
0122010102011101101
1220101020111011012
2201010201110110122
2010102011101101221
0101020111011012211
1010201110110122111
0102011101101221111
1020111011012211112
0201110110122111120
2011101101221111202
0111011012211112021
1110110122111120210
1101101221111202101
1011012211112021011

22222202001020011221
22222020010200112210
22220200102001122100
22202001020011221002
22020010200112210022
20200102001122100221
02001020011221002212
20010200112210022122
00102001122100221222
01020011221002212220
10200112210022122202
02001122100221222020
20011221002212220202
00112210022122202021
01122100221222020212
11221002212220202120
12210022122202021202
22100221222020212021
21002212220202120211
10022122202021202111
1000110122010102011
0001101220101020111
0011012201010201110
0110122010102011101
1101220101020111011
1012201010201110110
0122010102011101101
1220101020111011012
2201010201110110122
2010102011101101221
0101020111011012211
1010201110110122111
0102011101101221111
1020111011012211112
0201110110122111120
2011101101221111202
0111011012211112021
1110110122111120210
1101101221111202101
1011012211112021011

22222202001020011221
22222020010200112210
22220200102001122100
22202001020011221002
22020010200112210022
20200102001122100221
02001020011221002212
20010200112210022122
00102001122100221222
01020011221002212220
10200112210022122202
02001122100221222020
20011221002212220202
00112210022122202021
01122100221222020211
11221002212220202110
12210022122202021102
22100221222020211021
21002212220202110211
10022122202021102111
1000110122010102011
0001101220101020111
0011012201010201110
0110122010102011101
1101220101020111011
1012201010201110110
0122010102011101101
1220101020111011012
2201010201110110122
2010102011101101221
0101020111011012211
1010201110110122111
0102011101101221111
1020111011012211112
0201110110122111120
2011101101221111202
0111011012211112021
1110110122111120210
1101101221111202101
1011012211112021011

22222202001020011221
22222020010200112210
22220200102001122100
22202001020011221002
22020010200112210022
20200102001122100221
02001020011221002212
20010200112210022122
00102001122100221222
01020011221002212220
10200112210022122202
02001122100221222020
20011221002212220202
00112210022122202021
01122100221222020212
11221002212220202120
12210022122202021202
22100221222020212021
21002212220202120211
10022122202021202111
1000110122010102011
0001101220101020111
0011012201010201110
0110122010102011101
1101220101020111011
1012201010201110110
0122010102011101101
1220101020111011012
2201010201110110122
2010102011101101221
0101020111011012211
1010201110110122111
0102011101101221111
1020111011012211112
0201110110122111120
2011101101221111202
0111011012211112021
1110110122111120210
1101101221111202101
1011012211112021011

22222202001020011221
22222020010200112210
22220200102001122100
22202001020011221002
22020010200112210022
20200102001122100221
02001020011221002212
20010200112210022122
00102001122100221222
01020011221002212220
10200112210022122202
02001122100221222020
20011221002212220202
00112210022122202021
01122100221222020212
11221002212220202120
12210022122202021202
22100221222020212021
21002212220202120211
10022122202021202111
1000110122010102011
0001101220101020111
0011012201010201110
0110122010102011101
1101220101020111011
1012201010201110110
0122010102011101101
1220101020111011012
2201010201110110122
2010102011101101221
0101020111011012211
1010201110110122111
0102011101101221111
1020111011012211112
0201110110122111120
2011101101221111202
0111011012211112021
1110110122111120210
1101101221111202101
1011012211112021011

22222202001020011221
22222020010200112210
22220200102001122100
22202001020011221002
22020010200112210022
20200102001122100221
02001020011221002212
20010200112210022122
00102001122100221222
01020011221002212220
10200112210022122202
02001122100221222020
20011221002212220202
00112210022122202021
01122100221222020212
11221002212220202120
12210022122202021202
22100221222020212021
21002212220202120211
10022122202021202111
1000110122010102011
0001101220101020111
0011012201010201110
0110122010102011101
1101220101020111011
1012201010201110110
0122010102011101101
1220101020111011012
2201010201110110122
2010102011101101221
0101020111011012211
1010201110110122111
0102011101101221111
1020111011012211112
0201110110122111120
2011101101221111202
0111011012211112021
1110110122111120210
1101101221111202101
1011012211112021011

22222202001020011221
22222020010200112210
22220200102001122100
22202001020011221002
22020010200112210022
20200102001122100221
02001020011221002212
20010200112210022122
00102001122100221222
01020011221002212220
10200112210022122202
02001122100221222020
20011221002212220202
00112210022122202021
01122100221222020212
11221002212220202120
12210022122202021202
22100221222020212021
21002212220202120211
10022122202021202111
1000110122010102011
0001101220101020111
0011012201010201110
0110122010102011101
1101220101020111011
1012201010201110110
0122010102011101101
1220101020111011012
2201010201110110122
2010102011101101221
0101020111011012211
1010201110110122111
0102011101101221111
1020111011012211112
0201110110122111120
2011101101221111202
0111011012211112021
1110110122111120210
1101101221111202101
1011012211112021011

22222202001020011221
22222020010200112210
22220200102001122100
22202001020011221002
22020010200112210022
20200102001122100221
02001020011221002212
20010200112210022122
00102001122100221222
01020011221002212220
10200112210022122202
02001122100221222020
20011221002212220202
00112210022122202021
01122100221222020212
11221002212220202120
12210022122202021202
22100221222020212021
21002212220202120211
10022122202021202111
1000110122010102011
0001101220101020111
0011012201010201110
0110122010102011101
1101220101020111011
1012201010201110110
0122010102011101101
1220101020111011012
2201010201110110122
2010102011101101221
0101020111011012211
1010201110110122111
0102011101101221111
1020111011012211112
0201110110122111120
2011101101221111202
0111011012211112021
1110110122111120210
1101101221111202101
1011012211112021011

22222202001020011221
22222020010200112210
22220200102001122100
22202001020011221002
22020010200112210022
20200102001122100221
02001020011221002212
20010200112210022122
00102001122100221222
01020011221002212220
10200112210022122202
02001122100221222020
20011221002212220202
00112210022122202021
01122100221222020212
11221002212220202120
12210022122202021202
22100221222020212021
21002212220202120211
10022122202021202111
1000110122010102011
0001101220101020111
0011012201010201110
0110122010102011101
1101220101020111011
1012201010201110110
0122010102011101101
1220101020111011012
2201010201110110122
2010102011101101221
0101020111011012211
1010201110110122111
0102011101101221111
1020111011012211112
0201110110122111120
2011101101221111202
0111011012211112021
1110110122111120210
1101101221111202101
1011012211112021011

22222202001020011221
22222020010200112210
22220200102001122100
22202001020011221002
22020010200112210022
20200102001122100221
02001020011221002212
20010200112210022122
00102001122100221222
01020011221002212220
10200112210022122202
02001122100221222020
20011221002212220202
00112210022122202021
01122100221222020212
11221002212220202120
12210022122202021202
22100221222020212021
21002212220202120211
10022122202021202111
1000110122010102011
0001101220101020111
0011012201010201110
0110122010102011101
1101220101020111011
1012201010201110110
0122010102011101101
1220101020111011012
2201010201110110122
2010102011101101221
0101020111011012211
1010201110110122111
0102011101101221111
1020111011012211112
0201110110122111120
2011101101221111202
0111011012211112021
1110110122111120210
1101101221111202101
1011012211112021011

22222202001020011221
22222020010200112210
22220200102001122100
22202001020011221002
22020010200112210022
20200102001122100221
02001020011221002212
20010200112210022122
00102001122100221222
01020011221002212220
10200112210022122202
02001122100221222020
20011221002212220202
00112210022122202021
01122100221222020212
11221002212220202120
12210022122202021202
22100221222020212021
21002212220202120211
10022122202021202111
1000110122010102011
0001101220101020111
0011012201010201110
0110122010102011101
1101220101020111011
1012201010201110110
0122010102011101101
1220101020111011012
2201010201110110122
2010102011101101221
0101020111011012211
1010201110110122111
0102011101101221111
1020111011012211112
0201110110122111120
2011101101221111202
0111011012211112021
1110110122111120210
1101101221111202101
1011012211112021011

22222202001020011221
22222020010200112210
22220200102001122100
22202001020011221002
22020010200112210022
20200102001122100221
02001020011221002212
20010200112210022122
00102001122100221222
01020011221002212220
10200112210022122202
02001122100221222020
20011221002212220202
00112210022122202021
01122100221222020212
11221002212220202120
12210022122202021202
22100221222020212021
21002212220202120211
10022122202021202111
1000110122010102011
0001101220101020111
0011012201010201110
0110122010102011101
1101220101020111011
1012201010201110110
0122010102011101101
1220101020111011012
2201010201110110122
2010102011101101221
0101020111011012211
1010201110110122111
0102011101101221111
1020111011012211112
0201110110122111120
2011101101221111202
0111011012211112021
1110110122111120210
1101101221111202101
1011012211112021011

22222202001020011221
22222020010200112210
22220200102001122100
22202001020011221002
22020010200112210022
20200102001122100221
02001020011221002212
20010200112210022122
00102001122100221222
01020011221002212220
10200112210022122202
02001122100221222020
20011221002212220202
00112210022122202021
01122100221222020212
11221002212220202120
12210022122202021202
22100221222020212021
21002212220202120211
10022122202021202111
1000110122010102011
0001101220101020111
0011012201010201110
0110122010102011101
1101220101020111011
1012201010201110110
0122010102011101101
1220101020111011012
2201010201110110122
2010102011101101221
0101020111011012211
1010201110110122111
0102011101101221111
1020111011012211112
0201110110122111120
2011101101221111202
0111011012211112021
1110110122111120210
1101101221111202101
1011012211112021011

22222202001020011221
22222020010200112210
22220200102001122100
22202001020011221002
22020010200112210022
20200102001122100221
02001020011221002212
20010200112210022122
00102001122100221222
01020011221002212220
10200112210022122202
02001122100221222020
20011221002212220202
00112210022122202021
01122100221222020212
11221002212220202120
12210022122202021202
22100221222020212021
21002212220202120211
10022122202021202111
1000110122010102011
0001101220101020111
0011012201010201110
0110122010102011101
1101220101020111011
1012201010201110110
0122010102011101101
1220101020111011012
2201010201110110122
2010102011101101221
0101020111011012211
1010201110110122111
0102011101101221111
1020111011012211112
0201110110122111120
2011101101221111202
0111011012211112021
1110110122111120210
1101101221111202101
1011012211112021011

22222202001020011221
22222020010200112210
22220200102001122100
22202001020011221002
22020010200112210022
20200102001122100221
02001020011221002212
20010200112210022122
00102001122100221222
01020011221002212220
10200112210022122202
02001122100221222020
20011221002212220202
00112210022122202021
01122100221222020212
11221002212220202120
12210022122202021202
22100221222020212021
21002212220202120211
10022122202021202111
1000110122010102011
0001101220101020111
0011012201010201110
0110122010102011101
1101220101020111011
1012201010201110110
0122010102011101101
1220101020111011012
2201010201110110122
2010102011101101221
0101020111011012211
1010201110110122111
0102011101101221111
1020111011012211112
0201110110122111120
2011101101221111202
0111011012211112021
1110110122111120210
1101101221111202101
1011012211112021011

22222202001020011221
22222020010200112210
22220200102001122100
22202001020011221002
22020010200112210022
20200102001122100221
02001020011221002212
20010200112210022122
00102001122100221222
01020011221002212220
10200112210022122202
02001122100221222020
20011221002212220202
00112210022122202021
01122100221222020212
11221002212220202120
12210022122202021202
22100221222020212021
21002212220202120211
10022122202021202111
1000110122010102011
0001101220101020111
0011012201010201110
0110122010102011101
1101220101020111011
1012201010201110110
0122010102011101101
1220101020111011012
2201010201110110122
2010102011101101221
0101020111011012211
1010201110110122111
0102011101101221111
1020111011012211112
0201110110122111120
2011101101221111202
0111011012211112021
1110110122111120210
1101101221111202101
1011012211112021011

22222202001020011221
22222020010200112210
22220200102001122100
22202001020011221002
22020010200112210022
20200102001122100221
02001020011221002212
20010200112210022122
00102001122100221222
01020011221002212220
10200112210022122202
02001122100221222020
20011221002212220202
00112210022122202021
01122100221222020212
11221002212220202120
12210022122202021202
22100221222020212021
21002212220202120211
10022122202021202111
1000110122010102011
0001101220101020111
0011012201010201110
0110122010102011101
1101220101020111011
1012201010201110110
0122010102011101101
1220101020111011012
2201010201110110122
2010102011101101221
0101020111011012211
1010201110110122111
0102011101101221111
1020111011012211112
0201110110122111120
2011101101221111202
0111011012211112021
1110110122111120210
1101101221111202101
1011012211112021011

22222202001020011221
22222020010200112210
22220200102001122100
22202001020011221002
22020010200112210022
20200102001122100221
02001020011221002212
20010200112210022122
00102001122100221222
01020011221002212220
10200112210022122202
02001122100221222020
20011221002212220202
00112210022122202021
01122100221222020212
11221002212220202120
12210022122202021202
22100221222020212021
21002212220202120211
10022122202021202111
1000110122010102011
0001101220101020111
0011012201010201110
0110122010102011101
1101220101020111011
1012201010201110110
0122010102011101101
1220101020111011012
2201010201110110122
2010102011101101221
0101020111011012211
1010201110110122111
0102011101101221111
1020111011012211112
0201110110122111120
2011101101221111202
0111011012211112021
1110110122111120210
1101101221111202101
1011012211112021011

22222202001020011221
22222020010200112210
22220200102001122100
22202001020011221002
22020010200112210022
20200102001122100221
02001020011221002212
20010200112210022122
00102001122100221222
01020011221002212220
10200112210022122202
02001122100221222020
20011221002212220202
00112210022122202021
01122100221222020212
11221002212220202120
12210022122202021202
22100221222020212021
21002212220202120211
10022122202021202111
1000110122010102011
0001101220101020111
0011012201010201110
0110122010102011101
1101220101020111011
1012201010201110110
0122010102011101101
1220101020111011012
2201010201110110122
2010102011101101221
0101020111011012211
1010201110110122111
0102011101101221111
1020111011012211112
0201110110122111120
2011101101221111202
0111011012211112021
1110110122111120210
1101101221111202101
1011012211112021011

22222202001020011221
22222020010200112210
22220200102001122100
22202001020011221002
22020010200112210022
20200102001122100221
02001020011221002212
20010200112210022122
00102001122100221222
01020011221002212220
10200112210022122202
02001122100221222020
20011221002212220202
00112210022122202021
01122100221222020212
11221002212220202120
12210022122202021202
22100221222020212021
21002212220202120211
10022122202021202111
1000110122010102011
0001101220101020111
0011012201010201110
0110122010102011101
1101220101020111011
1012201010201110110
0122010102011101101
1220101020111011012
2201010201110110122
2010102011101101221
0101020111011012211
1010201110110122111
0102011101101221111
1020111011012211112
0201110110122111120
2011101101221111202
0111011012211112021
1110110122111120210
1101101221111202101
1011012211112021011

22222202001020011221
22222020010200112210
22220200102001122100
22202001020011221002
22020010200112210022
20200102001122100221
02001020011221002212
20010200112210022122
00102001122100221222
01020011221002212220
10200112210022122202
02001122100221222020
20011221002212220202
00112210022122202021
01122100221222020212
11221002212220202120
12210022122202021202
22100221222020212021
21002212220202120211
10022122202021202111
1000110122010102011
0001101220101020111
0011012201010201110
0110122010102011101
1101220101020111011
1012201010201110110
0122010102011101101
1220101020111011012
2201010201110110122
2010102011101101221
0101020111011012211
1010201110110122111
0102011101101221111
1020111011012211112
0201110110122111120
2011101101221111202
0111011012211112021
1110110122111120210
1101101221111202101
1011012211112021011

22222202001020011221
22222020010200112210
22220200102001122100
22202001020011221002
22020010200112210022
20200102001122100221
02001020011221002212
20010200112210022122
00102001122100221222
01020011221002212220
10200112210022122202
02001122100221222020
20011221002212220202
00112210022122202021
01122100221222020212
11221002212220202120
12210022122202021202
22100221222020212021
21002212220202120211
10022122202021202111
1000110122010102011
0001101220101020111
0011012201010201110
0110122010102011101
1101220101020111011
1012201010201110110
0122010102011101101
1220101020111011012
2201010201110110122
2010102011101101221
0101020111011012211
1010201110110122111
0102011101101221111
1020111011012211112
0201110110122111120
2011101101221111202
0111011012211112021
1110110122111120210
1101101221111202101
1011012211112021011

22222202001020011221
22222020010200112210
22220200102001122100
22202001020011221002
22020010200112210022
20200102001122100221
02001020011221002212
20010200112210022122
00102001122100221222
01020011221002212220
10200112210022122202
02001122100221222020
20011221002212220202
00112210022122202021
01122100221222020212
11221002212220202120
12210022122202021202
22100221222020212021
21002212220202120211
10022122202021202111
1000110122010102011
0001101220101020111
0011012201010201110
0110122010102011101
1101220101020111011
1012201010201110110
0122010102011101101
1220101020111011012
2201010201110110122
2010102011101101221
0101020111011012211
1010201110110122111
0102011101101221111
1020111011012211112
0201110110122111120
2011101101221111202
0111011012211112021
1110110122111120210
1101101221111202101
1011012211112021011

22222202001020011221
22222020010200112210
22220200102001122100
22202001020011221002
22020010200112210022
20200102001122100221
02001020011221002212
20010200112210022122
00102001122100221222
01020011221002212220
10200112210022122202
02001122100221222020
20011221002212220202
00112210022122202021
01122100221222020212
11221002212220202120
12210022122202021202
22100221222020212021
21002212220202120211
10022122202021202111
1000110122010102011
0001101220101020111
0011012201010201110
0110122010102011101
1101220101020111011
1012201010201110110
0122010102011101101
1220101020111011012
2201010201110110122
2010102011101101221
0101020111011012211
1010201110110122111
0102011101101221111
1020111011012211112
0201110110122111120
2011101101221111202
0111011012211112021
1110110122111120210
1101101221111202101
1011012211112021011

22222202001020011221
22222020010200112210
22220200102001122100
22202001020011221002
22020010200112210022
20200102001122100221
02001020011221002212
20010200112210022122
00102001122100221222
01020011221002212220
10200112210022122202
02001122100221222020
20011221002212220202
00112210022122202021
01122100221222020212
11221002212220202120
12210022122202021202
22100221222020212021
21002212220202120211
10022122202021202111
1000110122010102011
0001101220101020111
0011012201010201110
0110122010102011101
1101220101020111011
1012201010201110110
0122010102011101101
1220101020111011012
2201010201110110122
2010102011101101221
0101020111011012211
1010201110110122111
0102011101101221111
1020111011012211112
0201110110122111120
2011101101221111202
0111011012211112021
1110110122111120210
1101101221111202101
1011012211112021011

21222202001020011221
12222020010200112210
22220200102001122100
22202001020011221002
22020010200112210022
20200102001122100221
02001020011221002212
20010200112210022122
00102001122100221222
01020011221002212220
10200112210022122202
02001122100221222020
20011221002212220202
00112210022122202021
01122100221222020212
11221002212220202120
12210022122202021202
22100221222020212021
21002212220202120211
10022122202021202111
1000110122010102011
0001101220101020111
0011012201010201110
0110122010102011101
1101220101020111011
1012201010201110110
0122010102011101101
1220101020111011012
2201010201110110122
2010102011101101221
0101020111011012211
1010201110110122111
0102011101101221111
1020111011012211112
0201110110122111120
2011101101221111202
0111011012211112021
1110110122111120210
1101101221111202101
1011012211112021011

22222202001020011221
22222020010200112210
22220200102001122100
22202001020011221002
22020010200112210022
20200102001122100221
02001020011221002212
20010200112210022122
00102001122100221222
01020011221002212220
10200112210022122202
02001122100221222020
20011221002212220202
00112210022122202021
01122100221222020212
11221002212220202120
12210022122202021202
22100221222020212021
21002212220202120211
10022122202021202111
1000110122010102011
0001101220101020111
0011012201010201110
0110122010102011101
1101220101020111011
1012201010201110110
0122010102011101101
1220101020111011012
2201010201110110122
2010102011101101221
0101020111011012211
1010201110110122111
0102011101101221111
1020111011012211112
0201110110122111120
2011101101221111202
0111011012211112021
1110110122111120210
1101101221111202101
1011012211112021011

22222202001020011221
22222020010200112210
22220200102001122100
22202001020011221002
22020010200112210022
20200102001122100221
02001020011221002212
20010200112210022122
00102001122100221222
01020011221002212220
10200112210022122202
02001122100221222020
20011221002212220202
00112210022122202021
01122100221222020212
11221002212220202120
12210022122202021202
22100221222020212021
21002212220202120211
10022122202021202111
1000110122010102011
0001101220101020111
0011012201010201110
0110122010102011101
1101220101020111011
1012201010201110110
0122010102011101101
1220101020111011012
2201010201110110122
2010102011101101221
0101020111011012211
1010201110110122111
0102011101101221111
1020111011012211112
0201110110122111120
2011101101221111202
0111011012211112021
1110110122111120210
1101101221111202101
1011012211112021011

22222202001020011221
22222020010200112210
22220200102001122100
22202001020011221002
22020010200112210022
20200102001122100221
02001020011221002212
20010200112210022122
00102001122100221222
01020011221002212220
10200112210022122202
02001122100221222020
20011221002212220202
00112210022122202021
01122100221222020212
11221002212220202120
12210022122202021202
22100221222020212021
21002212220202120211
10022122202021202111
1000110122010102011
0001101220101020111
0011012201010201110
0110122010102011101
1101220101020111011
1012201010201110110
0122010102011101101
1220101020111011012
2201010201110110122
2010102011101101221
0101020111011012211
1010201110110122111
0102011101101221111
1020111011012211112
0201110110122111120
2011101101221111201
0111011012211112011
1110110122111120110
1101101221111201101
1011012211112011011

22222202001020011221
22222020010200112210
22220200102001122100
22202001020011221002
22020010200112210022
20200102001122100221
02001020011221002212
20010200112210022122
00102001122100221222
01020011221002212220
10200112210022122202
02001122100221222020
20011221002212220202
00112210022122202021
01122100221222020212
11221002212220202120
12210022122202021202
22100221222020212021
21002212220202120211
10022122202021202111
1000110122010102011
0001101220101020111
0011012201010201110
0110122010102011101
1101220101020111011
1012201010201110110
0122010102011101101
1220101020111011012
2201010201110110122
2010102011101101221
0101020111011012211
1010201110110122111
0102011101101221111
1020111011012211112
0201110110122111120
2011101101221111202
0111011012211112021
1110110122111120210
1101101221111202101
1011012211112021011

22222202001020011221
22222020010200112210
22220200102001122100
22202001020011221002
22020010200112210022
20200102001122100221
02001020011221002212
20010200112210022122
00102001122100221222
01020011221002212220
10200112210022122202
02001122100221222020
20011221002212220202
00112210022122202021
01122100221222020212
11221002212220202120
12210022122202021202
22100221222020212021
21002212220202120211
10022122202021202111
1000110122010102011
0001101220101020111
0011012201010201110
0110122010102011101
1101220101020111011
1012201010201110110
0122010102011101101
1220101020111011012
2201010201110110122
2010102011101101221
0101020111011012211
1010201110110122111
0102011101101221111
1020111011012211112
0201110110122111120
2011101101221111202
0111011012211112021
1110110122111120210
1101101221111202101
1011012211112021011

22222202001020011221
22222020010200112210
22220200102001122100
22202001020011221002
22020010200112210022
20200102001122100221
02001020011221002212
20010200112210022122
00102001122100221222
01020011221002212220
10200112210022122202
02001122100221222020
20011221002212220202
00112210022122202021
01122100221222020212
11221002212220202120
12210022122202021202
22100221222020212021
21002212220202120211
10022122202021202111
1000110122010102011
0001101220101020111
0011012201010201110
0110122010102011101
1101220101020111011
1012201010201110110
0122010102011101101
1220101020111011012
2201010201110110122
2010102011101101221
0101020111011012211
1010201110110122111
0102011101101221111
1020111011012211112
0201110110122111120
2011101101221111202
0111011012211112021
1110110122111120210
1101101221111202101
1011012211112021011

22222202001020011221
22222020010200112210
22220200102001122100
22202001020011221002
22020010200112210022
20200102001122100221
02001020011221002212
20010200112210022122
00102001122100221222
01020011221002212220
10200112210022122202
02001122100221222020
20011221002212220202
00112210022122202021
01122100221222020212
11221002212220202120
12210022122202021202
22100221222020212021
21002212220202120211
10022122202021202111
1000110122010102011
0001101220101020111
0011012201010201110
0110122010102011101
1101220101020111011
1012201010201110110
0122010102011101101
1220101020111011012
2201010201110110122
2010102011101101221
0101020111011012211
1010201110110122111
0102011101101221111
1020111011012211112
0201110110122111120
2011101101221111202
0111011012211112021
1110110122111120210
1101101221111202101
1011012211112021011

22222202001020011221
22222020010200112210
22220200102001122100
22202001020011221002
22020010200112210022
20200102001122100221
02001020011221002212
20010200112210022122
00102001122100221222
01020011221002212220
10200112210022122202
02001122100221222020
20011221002212220202
00112210022122202021
01122100221222020212
11221002212220202120
12210022122202021202
22100221222020212021
21002212220202120211
10022122202021202111
1000110122010102011
0001101220101020111
0011012201010201110
0110122010102011101
1101220101020111011
1012201010201110110
0122010102011101101
1220101020111011012
2201010201110110122
2010102011101101221
0101020111011012211
1010201110110122111
0102011101101221111
1020111011012211112
0201110110122111120
2011101101221111202
0111011012211112021
1110110122111120210
1101101221111202101
1011012211112021011

22222202001020011221
22222020010200112210
22220200102001122100
22202001020011221002
22020010200112210022
20200102001122100221
02001020011221002212
20010200112210022122
00102001122100221222
01020011221002212220
10200112210022122202
02001122100221222020
20011221002212220202
00112210022122202021
01122100221222020212
11221002212220202120
12210022122202021202
22100221222020212021
21002212220202120211
10022122202021202111
1000110122010102011
0001101220101020111
0011012201010201110
0110122010102011101
1101220101020111011
1012201010201110110
0122010102011101101
1220101020111011012
2201010201110110122
2010102011101101221
0101020111011012211
1010201110110122111
0102011101101221111
1020111011012211112
0201110110122111120
2011101101221111202
0111011012211112021
1110110122111120210
1101101221111202101
1011012211112021011

22222202001020011221
22222020010200112210
22220200102001122100
22202001020011221002
22020010200112210022
20200102001122100221
02001020011221002212
20010200112210022122
00102001122100221222
01020011221002212220
10200112210022122202
02001122100221222020
20011221002212220202
00112210022122202021
01122100221222020212
11221002212220202120
12210022122202021202
22100221222020212021
21002212220202120211
10022122202021202111
1000110122010102011
0001101220101020111
0011012201010201110
0110122010102011101
1101220101020111011
1012201010201110110
0122010102011101101
1220101020111011012
2201010201110110122
2010102011101101221
0101020111011012211
1010201110110122111
0102011101101221111
1020111011012211112
0201110110122111120
2011101101221111202
0111011012211112021
1110110122111120210
1101101221111202101
1011012211112021011

22222202001020011221
22222020010200112210
22220200102001122100
22202001020011221002
22020010200112210022
20200102001122100221
02001020011221002212
20010200112210022122
00102001122100221222
01020011221002212220
10200112210022122202
02001122100221222020
20011221002212220202
00112210022122202021
01122100221222020212
11221002212220202120
12210022122202021202
22100221222020212021
21002212220202120211
10022122202021202111
1000110122010102011
0001101220101020111
0011012201010201110
0110122010102011101
1101220101020111011
1012201010201110110
0122010102011101101
1220101020111011012
2201010201110110122
2010102011101101221
0101020111011012211
1010201110110122111
0102011101101221111
1020111011012211112
0201110110122111120
2011101101221111202
0111011012211112021
1110110122111120210
1101101221111202101
1011012211112021011

22222202001020011221
22222020010200112210
22220200102001122100
22202001020011221002
22020010200112210022
20200102001122100221
02001020011221002212
20010200112210022122
00102001122100221222
01020011221002212220
10200112210022122202
02001122100221222020
20011221002212220202
00112210022122202021
01122100221222020212
11221002212220202120
12210022122202021202
22100221222020212021
21002212220202120211
10022122202021202111
1000110122010102011
0001101220101020111
0011012201010201110
0110122010102011101
1101220101020111011
1012201010201110110
0122010102011101101
1220101020111011012
2201010201110110122
2010102011101101221
0101020111011012211
1010201110110122111
0102011101101221111
1020111011012211112
0201110110122111120
2011101101221111202
0111011012211112021
1110110122111120210
1101101221111202101
1011012211112021011

