Generation 699:
11021011110000010221
10210111100000102210
02101111000001022101
21011110000010221012
10111100000102210121
01111000001022101210
11110000010221012100
11100000102210121002
11000001022101210020
10000010221012100201
00000102210121002010
00001022101210020100
00010221012100201002
00102210121002010021
01022101210020100211
10221012100201002112
02210121002010021122
22101210020100211220
21012100201002112200
10121002010021122000
1210011102222102112
2100111022221021122
1001110222210211222
0011102222102112221
0111022221021122211
1110222210211222110
1102222102112221102
1022221021122211022
0222210211222110221
2222102112221102212
2221021122211022122
2210211222110221221
2102112221102212210
1021122211022122100
0211222110221221002
2112221102212210022
1122211022122100221
1222110221221002211
2221102212210022110
2211022122100221101

10011010110000010221
00110101100000102210
01101011000001022101
11010110000010221012
10101100000102210121
01011000001022101210
10110000010221012100
01100000102210121002
11000001022101210020
10000010221012100201
00000102210121002010
00001022101210020100
00010221012100201002
00102210121002010021
01022101210020100210
10221012100201002102
02210121002010021022
22101210020100210220
21012100201002102200
10121002010021022000
1210012122222102112
2100121222221021122
1001212222210211222
0012122222102112221
0121222221021122211
1212222210211222110
2122222102112221102
1222221021122211022
2222210211222110221
2222102112221102212
2221021122211022122
2210211222110221221
2102112221102212210
1021122211022122100
0211222110221221002
2112221102212210022
1122211022122100221
1222110221221002211
2221102212210022110
2211022122100221101

10010011110000010211
00100111100000102110
01001111000001021100
10011110000010211002
00111100000102110021
01111000001021100210
11110000010211002100
11100000102110021002
11000001021100210022
10000010211002100221
00000102110021002210
00001021100210022100
00010211002100221002
00102110021002210021
01021100210022100210
10211002100221002102
02110021002210021022
21100210022100210220
11002100221002102200
10021002210021022001
1210011122212112112
2100111222121121122
1001112221211211222
0011122212112112221
0111222121121122211
1112221211211222110
1122212112112221102
1222121121122211022
2221211211222110221
2212112112221102212
2121121122211022122
1211211222110221220
2112112221102212200
1121122211022122000
1211222110221220002
2112221102212200022
1122211022122000221
1222110221220002211
2221102212200022110
2211022122000221101

21021211110000010012
10212111100000100120
02121111000001001201
21211110000010012012
12111100000100120121
21111000001001201210
11110000010012012100
11100000100120121000
11000001001201210000
10000010012012100001
00000100120121000010
00001001201210000100
00010012012100001001
00100120121000010010
01001201210000100101
10012012100001001012
00120121000010010122
01201210000100101220
12012100001001012200
20121000010010122000
2200011102212102112
2000111022121021122
0001110221210211221
0011102212102112211
0111022121021122111
1110221210211221110
1102212102112211102
1022121021122111022
0221210211221110221
2212102112211102212
2121021122111022120
1210211221110221201
2102112211102212011
1021122111022120110
0211221110221201102
2112211102212011022
1122111022120110221
1221110221201102211
2211102212011022110
2111022120110221101

11021011110000010221
10210111100000102210
02101111000001022101
21011110000010221011
10111100000102210111
01111000001022101110
11110000010221011100
11100000102210111002
11000001022101110020
10000010221011100201
00000102210111002010
00001022101110020100
00010221011100201002
00102210111002010021
01022101110020100211
10221011100201002112
02210111002010021122
22101110020100211220
21011100201002112200
10111002010021122000
1210011102222102112
2100111022221021122
1001110222210211222
0011102222102112221
0111022221021122211
1110222210211222110
1102222102112221102
1022221021122211022
0222210211222110221
2222102112221102212
2221021122211022122
2210211222110221221
2102112221102212210
1021122211022122100
0211222110221221002
2112221102212210022
1122211022122100221
1222110221221002211
2221102212210022110
2211022122100221101

10010011110000010221
00100111100000102210
01001111000001022101
10011110000010221012
00111100000102210121
01111000001022101210
11110000010221012100
11100000102210121002
11000001022101210020
10000010221012100201
00000102210121002010
00001022101210020100
00010221012100201002
00102210121002010021
01022101210020100211
10221012100201002112
02210121002010021122
22101210020100211220
21012100201002112200
10121002010021122000
1210011102222102112
2100111022221021122
1001110222210211222
0011102222102112221
0111022221021122211
1110222210211222110
1102222102112221102
1022221021122211022
0222210211222110221
2222102112221102212
2221021122211022122
2210211222110221221
2102112221102212210
1021122211022122100
0211222110221221002
2112221102212210022
1122211022122100221
1222110221221002211
2221102212210022110
2211022122100221101

11021011110000010221
10210111100000102210
02101111000001022100
21011110000010221002
10111100000102210021
01111000001022100210
11110000010221002100
11100000102210021002
11000001022100210020
10000010221002100201
00000102210021002010
00001022100210020100
00010221002100201002
00102210021002010021
01022100210020100211
10221002100201002112
02210021002010021122
22100210020100211220
21002100201002112200
10021002010021122000
1210011102222102112
2100111022221021122
1001110222210211222
0011102222102112221
0111022221021122211
1110222210211222110
1102222102112221100
1022221021122211002
0222210211222110021
2222102112221100212
2221021122211002122
2210211222110021221
2102112221100212210
1021122211002122100
0211222110021221002
2112221100212210022
1122211002122100221
1222110021221002211
2221100212210022110
2211002122100221101

11011011110000010221
10110111100000102210
01101111000001022101
11011110000010221012
10111100000102210121
01111000001022101210
11110000010221012100
11100000102210121002
11000001022101210020
10000010221012100201
00000102210121002010
00001022101210020100
00010221012100201002
00102210121002010021
01022101210020100211
10221012100201002112
02210121002010021122
22101210020100211220
21012100201002112200
10121002010021122000
1210011102222102112
2100111022221021122
1001110222210211222
0011102222102112221
0111022221021122211
1110222210211222110
1102222102112221102
1022221021122211022
0222210211222110221
2222102112221102212
2221021122211022122
2210211222110221221
2102112221102212210
1021122211022122100
0211222110221221002
2112221102212210022
1122211022122100221
1222110221221002211
2221102212210022110
2211022122100221101

11011011110000010211
10110111100000102110
01101111000001021100
11011110000010211002
10111100000102110021
01111000001021100210
11110000010211002100
11100000102110021002
11000001021100210020
10000010211002100201
00000102110021002010
00001021100210020100
00010211002100201002
00102110021002010021
01021100210020100211
10211002100201002112
02110021002010021122
21100210020100211220
11002100201002112200
10021002010021122000
1210011102212102112
2100111022121021122
1001110221210211221
0011102212102112211
0111022121021122111
1110221210211221110
1102212102112211102
1022121021122111022
0221210211221110221
2212102112211102212
2121021122111022120
1210211221110221201
2102112211102212010
1021122111022120100
0211221110221201002
2112211102212010022
1122111022120100221
1221110221201002211
2211102212010022110
2111022120100221101

11021021110000010221
10210211100000102210
02102111000001022100
21021110000010221002
10211100000102210021
02111000001022100210
21110000010221002100
11100000102210021002
11000001022100210020
10000010221002100201
00000102210021002010
00001022100210020100
00010221002100201002
00102210021002010021
01022100210020100211
10221002100201002112
02210021002010021122
22100210020100211220
21002100201002112200
10021002010021122000
1210011102222102112
2100111022221021122
1001110222210211222
0011102222102112221
0111022221021122211
1110222210211222110
1102222102112221102
1022221021122211022
0222210211222110221
2222102112221102212
2221021122211022122
2210211222110221221
2102112221102212210
1021122211022122100
0211222110221221002
2112221102212210022
1122211022122100221
1222110221221002211
2221102212210022110
2211022122100221101

11011011110000010221
10110111100000102210
01101111000001022101
11011110000010221012
10111100000102210121
01111000001022101210
11110000010221012100
11100000102210121002
11000001022101210020
10000010221012100201
00000102210121002010
00001022101210020100
00010221012100201002
00102210121002010021
01022101210020100211
10221012100201002112
02210121002010021122
22101210020100211220
21012100201002112200
10121002010021122000
1210011102222102112
2100111022221021122
1001110222210211222
0011102222102112221
0111022221021122211
1110222210211222110
1102222102112221102
1022221021122211022
0222210211222110221
2222102112221102212
2221021122211022122
2210211222110221221
2102112221102212210
1021122211022122100
0211222110221221002
2112221102212210022
1122211022122100221
1222110221221002211
2221102212210022110
2211022122100221101

11010011110000010221
10100111100000102210
01001111000001022101
10011110000010221012
00111100000102210121
01111000001022101210
11110000010221012100
11100000102210121002
11000001022101210020
10000010221012100201
00000102210121002010
00001022101210020100
00010221012100201002
00102210121002010021
01022101210020100211
10221012100201002112
02210121002010021122
22101210020100211220
21012100201002112200
10121002010021122000
1210011102222102112
2100111022221021122
1001110222210211222
0011102222102112221
0111022221021122211
1110222210211222110
1102222102112221100
1022221021122211002
0222210211222110021
2222102112221100212
2221021122211002122
2210211222110021221
2102112221100212210
1021122211002122100
0211222110021221002
2112221100212210022
1122211002122100221
1222110021221002211
2221100212210022112
2211002122100221121

10021011120000010221
00210111200000102210
02101112000001022101
21011120000010221012
10111200000102210121
01112000001022101210
11120000010221012100
11200000102210121002
12000001022101210020
20000010221012100201
00000102210121002010
00001022101210020100
00010221012100201002
00102210121002010021
01022101210020100211
10221012100201002112
02210121002010021122
22101210020100211220
21012100201002112200
10121002010021122000
1210012122222102122
2100121222221021222
1001212222210212222
0012122222102122221
0121222221021222211
1212222210212222110
2122222102122221100
1222221021222211002
2222210212222110021
2222102122221100212
2221021222211002120
2210212222110021201
2102122221100212010
1021222211002120100
0212222110021201002
2122221100212010022
1222211002120100221
2222110021201002211
2221100212010022110
2211002120100221101

11011011110000010221
10110111100000102210
01101111000001022101
11011110000010221012
10111100000102210121
01111000001022101210
11110000010221012100
11100000102210121002
11000001022101210020
10000010221012100201
00000102210121002010
00001022101210020100
00010221012100201002
00102210121002010021
01022101210020100211
10221012100201002112
02210121002010021122
22101210020100211220
21012100201002112200
10121002010021122000
1210011102222102112
2100111022221021122
1001110222210211222
0011102222102112221
0111022221021122211
1110222210211222110
1102222102112221102
1022221021122211022
0222210211222110221
2222102112221102212
2221021122211022122
2210211222110221221
2102112221102212210
1021122211022122100
0211222110221221002
2112221102212210022
1122211022122100221
1222110221221002211
2221102212210022110
2211022122100221101

10021011110000010221
00210111100000102210
02101111000001022101
21011110000010221012
10111100000102210121
01111000001022101210
11110000010221012100
11100000102210121002
11000001022101210020
10000010221012100201
00000102210121002010
00001022101210020100
00010221012100201002
00102210121002010021
01022101210020100211
10221012100201002112
02210121002010021122
22101210020100211220
21012100201002112200
10121002010021122000
1210011102222102112
2100111022221021122
1001110222210211222
0011102222102112221
0111022221021122211
1110222210211222110
1102222102112221102
1022221021122211022
0222210211222110221
2222102112221102212
2221021122211022122
2210211222110221221
2102112221102212210
1021122211022122100
0211222110221221002
2112221102212210022
1122211022122100221
1222110221221002211
2221102212210022110
2211022122100221101

10121010110000011221
01210101100000112210
12101011000001122101
21010110000011221012
10101100000112210121
01011000001122101210
10110000011221012100
01100000112210121002
11000001122101210020
10000011221012100201
00000112210121002010
00001122101210020100
00011221012100201002
00112210121002010021
01122101210020100211
11221012100201002112
12210121002010021122
22101210020100211220
21012100201002112200
10121002010021122000
1210011102220102112
2100111022201021122
1001110222010211222
0011102220102112221
0111022201021122211
1110222010211222110
1102220102112221102
1022201021122211022
0222010211222110221
2220102112221102212
2201021122211022122
2010211222110221221
0102112221102212210
1021122211022122100
0211222110221221002
2112221102212210022
1122211022122100221
1222110221221002211
2221102212210022110
2211022122100221101

11011011110000010221
10110111100000102210
01101111000001022100
11011110000010221002
10111100000102210021
01111000001022100210
11110000010221002100
11100000102210021002
11000001022100210020
10000010221002100201
00000102210021002010
00001022100210020100
00010221002100201002
00102210021002010021
01022100210020100211
10221002100201002112
02210021002010021122
22100210020100211220
21002100201002112200
10021002010021122000
1210011102222102112
2100111022221021122
1001110222210211222
0011102222102112221
0111022221021122211
1110222210211222110
1102222102112221102
1022221021122211022
0222210211222110221
2222102112221102212
2221021122211022122
2210211222110221221
2102112221102212210
1021122211022122100
0211222110221221002
2112221102212210022
1122211022122100221
1222110221221002211
2221102212210022110
2211022122100221101

10011010120000010221
00110101200000102210
01101012000001022101
11010120000010221012
10101200000102210121
01012000001022101210
10120000010221012100
01200000102210121002
12000001022101210020
20000010221012100201
00000102210121002010
00001022101210020100
00010221012100201002
00102210121002010021
01022101210020100210
10221012100201002102
02210121002010021022
22101210020100210220
21012100201002102200
10121002010021022000
1210012122222102112
2100121222221021122
1001212222210211222
0012122222102112221
0121222221021122211
1212222210211222110
2122222102112221102
1222221021122211022
2222210211222110221
2222102112221102212
2221021122211022122
2210211222110221221
2102112221102212210
1021122211022122100
0211222110221221002
2112221102212210022
1122211022122100221
1222110221221002211
2221102212210022110
2211022122100221101

10011011120000010221
00110111200000102210
01101112000001022101
11011120000010221012
10111200000102210121
01112000001022101210
11120000010221012100
11200000102210121002
12000001022101210020
20000010221012100201
00000102210121002010
00001022101210020100
00010221012100201002
00102210121002010021
01022101210020100211
10221012100201002112
02210121002010021122
22101210020100211220
21012100201002112200
10121002010021122000
1210011102222102112
2100111022221021122
1001110222210211222
0011102222102112221
0111022221021122211
1110222210211222110
1102222102112221102
1022221021122211022
0222210211222110221
2222102112221102212
2221021122211022122
2210211222110221221
2102112221102212210
1021122211022122100
0211222110221221002
2112221102212210022
1122211022122100221
1222110221221002211
2221102212210022110
2211022122100221101

10021010120000010221
00210101200000102210
02101012000001022101
21010120000010221012
10101200000102210121
01012000001022101210
10120000010221012100
01200000102210121002
12000001022101210020
20000010221012100201
00000102210121002010
00001022101210020100
00010221012100201002
00102210121002010021
01022101210020100210
10221012100201002102
02210121002010021022
22101210020100210220
21012100201002102200
10121002010021022000
1210012102222002112
2100121022220021122
1001210222200211222
0012102222002112221
0121022220021122211
1210222200211222110
2102222002112221102
1022220021122211022
0222200211222110221
2222002112221102211
2220021122211022112
2200211222110221121
2002112221102211210
0021122211022112100
0211222110221121002
2112221102211210022
1122211022112100221
1222110221121002211
2221102211210022110
2211022112100221101

10021011110200010221
00210111102000102210
02101111020001022100
21011110200010221002
10111102000102210021
01111020001022100210
11110200010221002100
11102000102210021002
11020001022100210020
10200010221002100201
02000102210021002010
20001022100210020100
00010221002100201002
00102210021002010021
01022100210020100211
10221002100201002112
02210021002010021122
22100210020100211220
21002100201002112200
10021002010021122000
1210011102210102111
2100111022101021112
1001110221010211122
0011102210102111221
0111022101021112211
1110221010211122110
1102210102111221102
1022101021112211022
0221010211122110221
2210102111221102211
2101021112211022112
1010211122110221120
0102111221102211200
1021112211022112000
0211122110221120002
2111221102211200020
1112211022112000201
1122110221120002011
1221102211200020110
2211022112000201101

10010011110000010221
00100111100000102210
01001111000001022100
10011110000010221002
00111100000102210021
01111000001022100210
11110000010221002100
11100000102210021002
11000001022100210020
10000010221002100201
00000102210021002010
00001022100210020100
00010221002100201002
00102210021002010021
01022100210020100210
10221002100201002102
02210021002010021022
22100210020100210220
21002100201002102200
10021002010021022000
1210011102222102112
2100111022221021122
1001110222210211222
0011102222102112221
0111022221021122211
1110222210211222110
1102222102112221100
1022221021122211002
0222210211222110021
2222102112221100212
2221021122211002120
2210211222110021201
2102112221100212010
1021122211002120100
0211222110021201002
2112221100212010022
1122211002120100221
1222110021201002211
2221100212010022111
2211002120100221111

10011011110000010221
00110111100000102210
01101111000001022101
11011110000010221011
10111100000102210111
01111000001022101110
11110000010221011100
11100000102210111002
11000001022101110020
10000010221011100201
00000102210111002010
00001022101110020100
00010221011100201002
00102210111002010021
01022101110020100211
10221011100201002112
02210111002010021122
22101110020100211220
21011100201002112200
10111002010021122000
1210011102222102112
2100111022221021122
1001110222210211222
0011102222102112221
0111022221021122211
1110222210211222110
1102222102112221102
1022221021122211022
0222210211222110221
2222102112221102212
2221021122211022122
2210211222110221221
2102112221102212210
1021122211022122100
0211222110221221002
2112221102212210022
1122211022122100221
1222110221221002211
2221102212210022112
2211022122100221121

11021011110000010221
10210111100000102210
02101111000001022100
21011110000010221002
10111100000102210021
01111000001022100210
11110000010221002100
11100000102210021002
11000001022100210020
10000010221002100202
00000102210021002020
00001022100210020200
00010221002100202002
00102210021002020021
01022100210020200211
10221002100202002112
02210021002020021122
22100210020200211220
21002100202002112200
10021002020021122000
1210011122221102112
2100111222211021122
1001112222110211222
0011122221102112221
0111222211021122211
1112222110211222110
1122221102112221102
1222211021122211022
2222110211222110221
2221102112221102212
2211021122211022122
2110211222110221221
1102112221102212210
1021122211022122100
0211222110221221002
2112221102212210022
1122211022122100221
1222110221221002211
2221102212210022110
2211022122100221101

11011011110000010221
10110111100000102210
01101111000001022101
11011110000010221012
10111100000102210121
01111000001022101210
11110000010221012100
11100000102210121002
11000001022101210020
10000010221012100201
00000102210121002010
00001022101210020100
00010221012100201002
00102210121002010021
01022101210020100211
10221012100201002112
02210121002010021122
22101210020100211220
21012100201002112200
10121002010021122000
1210011102222102112
2100111022221021122
1001110222210211222
0011102222102112221
0111022221021122211
1110222210211222110
1102222102112221102
1022221021122211022
0222210211222110221
2222102112221102212
2221021122211022122
2210211222110221221
2102112221102212210
1021122211022122100
0211222110221221002
2112221102212210022
1122211022122100221
1222110221221002211
2221102212210022110
2211022122100221101

10020011110000010221
00200111100000102210
02001111000001022100
20011110000010221001
00111100000102210011
01111000001022100110
11110000010221001100
11100000102210011002
11000001022100110020
10000010221001100201
00000102210011002010
00001022100110020100
00010221001100201002
00102210011002010021
01022100110020100210
10221001100201002102
02210011002010021022
22100110020100210220
21001100201002102200
10011002010021022000
1210011102222012112
2100111022220121122
1001110222201211222
0011102222012112221
0111022220121122211
1110222201211222110
1102222012112221100
1022220121122211002
0222201211222110021
2222012112221100212
2220121122211002120
2201211222110021200
2012112221100212000
0121122211002120000
1211222110021200002
2112221100212000022
1122211002120000221
1222110021200002211
2221100212000022111
2211002120000221111

11011011110000010221
10110111100000102210
01101111000001022101
11011110000010221012
10111100000102210121
01111000001022101210
11110000010221012100
11100000102210121002
11000001022101210020
10000010221012100201
00000102210121002010
00001022101210020100
00010221012100201002
00102210121002010021
01022101210020100211
10221012100201002112
02210121002010021122
22101210020100211220
21012100201002112200
10121002010021122000
1210011102222102112
2100111022221021122
1001110222210211222
0011102222102112221
0111022221021122211
1110222210211222110
1102222102112221102
1022221021122211022
0222210211222110221
2222102112221102212
2221021122211022122
2210211222110221221
2102112221102212210
1021122211022122100
0211222110221221002
2112221102212210022
1122211022122100221
1222110221221002211
2221102212210022110
2211022122100221101

10010011110000010221
00100111100000102210
01001111000001022101
10011110000010221011
00111100000102210111
01111000001022101110
11110000010221011100
11100000102210111002
11000001022101110020
10000010221011100201
00000102210111002010
00001022101110020100
00010221011100201002
00102210111002010021
01022101110020100210
10221011100201002102
02210111002010021022
22101110020100210220
21011100201002102200
10111002010021022000
1210011102222102112
2100111022221021122
1001110222210211222
0011102222102112221
0111022221021122211
1110222210211222110
1102222102112221102
1022221021122211022
0222210211222110221
2222102112221102212
2221021122211022120
2210211222110221201
2102112221102212010
1021122211022120100
0211222110221201002
2112221102212010022
1122211022120100221
1222110221201002211
2221102212010022111
2211022120100221111

11012020110000010221
10120201100000102210
01202011000001022100
12020110000010221002
20201100000102210021
02011000001022100210
20110000010221002100
01100000102210021002
11000001022100210020
10000010221002100202
00000102210021002020
00001022100210020200
00010221002100202001
00102210021002020011
01022100210020200110
10221002100202001102
02210021002020011022
22100210020200110220
21002100202001102200
10021002020011022000
1210011102221102112
2100111022211021122
1001110222110211222
0011102221102112221
0111022211021122211
1110222110211222110
1102221102112221102
1022211021122211022
0222110211222110221
2221102112221102212
2211021122211022122
2110211222110221221
1102112221102212210
1021122211022122100
0211222110221221002
2112221102212210022
1122211022122100221
1222110221221002211
2221102212210022111
2211022122100221111

10021011110000010221
00210111100000102210
02101111000001022101
21011110000010221012
10111100000102210121
01111000001022101210
11110000010221012100
11100000102210121002
11000001022101210020
10000010221012100201
00000102210121002010
00001022101210020100
00010221012100201002
00102210121002010021
01022101210020100211
10221012100201002112
02210121002010021122
22101210020100211220
21012100201002112200
10121002010021122000
1210011102222102112
2100111022221021122
1001110222210211222
0011102222102112221
0111022221021122211
1110222210211222110
1102222102112221102
1022221021122211022
0222210211222110221
2222102112221102212
2221021122211022122
2210211222110221221
2102112221102212210
1021122211022122100
0211222110221221002
2112221102212210022
1122211022122100221
1222110221221002211
2221102212210022110
2211022122100221101

11010011110000010221
10100111100000102210
01001111000001022100
10011110000010221001
00111100000102210011
01111000001022100110
11110000010221001100
11100000102210011002
11000001022100110020
10000010221001100201
00000102210011002010
00001022100110020100
00010221001100201002
00102210011002010021
01022100110020100211
10221001100201002112
02210011002010021122
22100110020100211220
21001100201002112200
10011002010021122000
1210011102222102112
2100111022221021122
1001110222210211222
0011102222102112221
0111022221021122211
1110222210211222110
1102222102112221102
1022221021122211022
0222210211222110221
2222102112221102212
2221021122211022122
2210211222110221221
2102112221102212210
1021122211022122100
0211222110221221002
2112221102212210022
1122211022122100221
1222110221221002211
2221102212210022112
2211022122100221121

21021211110200010012
10212111102000100120
02121111020001001201
21211110200010012012
12111102000100120121
21111020001001201210
11110200010012012100
11102000100120121000
11020001001201210000
10200010012012100001
02000100120121000010
20001001201210000100
00010012012100001001
00100120121000010010
01001201210000100101
10012012100001001012
00120121000010010122
01201210000100101220
12012100001001012200
20121000010010122000
2200011102210102112
2000111022101021122
0001110221010211221
0011102210102112211
0111022101021122111
1110221010211221110
1102210102112211102
1022101021122111022
0221010211221110221
2210102112211102211
2101021122111022110
1010211221110221101
0102112211102211011
1021122111022110110
0211221110221101102
2112211102211011020
1122111022110110201
1221110221101102011
2211102211011020110
2111022110110201101

11011011110000010221
10110111100000102210
01101111000001022101
11011110000010221012
10111100000102210121
01111000001022101210
11110000010221012100
11100000102210121002
11000001022101210020
10000010221012100201
00000102210121002010
00001022101210020100
00010221012100201002
00102210121002010021
01022101210020100211
10221012100201002112
02210121002010021122
22101210020100211220
21012100201002112200
10121002010021122000
1210011102222102112
2100111022221021122
1001110222210211222
0011102222102112221
0111022221021122211
1110222210211222110
1102222102112221102
1022221021122211022
0222210211222110221
2222102112221102212
2221021122211022122
2210211222110221221
2102112221102212210
1021122211022122100
0211222110221221002
2112221102212210022
1122211022122100221
1222110221221002211
2221102212210022110
2211022122100221101

10012020120000010221
00120201200000102210
01202012000001022100
12020120000010221002
20201200000102210021
02012000001022100210
20120000010221002100
01200000102210021002
12000001022100210020
20000010221002100202
00000102210021002020
00001022100210020200
00010221002100202002
00102210021002020021
01022100210020200210
10221002100202002102
02210021002020021022
22100210020200210220
21002100202002102200
10021002020021022000
1210012122222102112
2100121222221021122
1001212222210211222
0012122222102112221
0121222221021122211
1212222210211222110
2122222102112221100
1222221021122211002
2222210211222110021
2222102112221100212
2221021122211002122
2210211222110021221
2102112221100212210
1021122211002122100
0211222110021221002
2112221100212210022
1122211002122100221
1222110021221002211
2221100212210022110
2211002122100221101

11011011110000010221
10110111100000102210
01101111000001022101
11011110000010221012
10111100000102210121
01111000001022101210
11110000010221012100
11100000102210121002
11000001022101210020
10000010221012100201
00000102210121002010
00001022101210020100
00010221012100201002
00102210121002010021
01022101210020100211
10221012100201002112
02210121002010021122
22101210020100211220
21012100201002112200
10121002010021122000
1210011102222102112
2100111022221021122
1001110222210211222
0011102222102112221
0111022221021122211
1110222210211222110
1102222102112221102
1022221021122211022
0222210211222110221
2222102112221102212
2221021122211022122
2210211222110221221
2102112221102212210
1021122211022122100
0211222110221221002
2112221102212210022
1122211022122100221
1222110221221002211
2221102212210022110
2211022122100221101

10021010120000010221
00210101200000102210
02101012000001022101
21010120000010221012
10101200000102210121
01012000001022101210
10120000010221012100
01200000102210121002
12000001022101210020
20000010221012100201
00000102210121002010
00001022101210020100
00010221012100201001
00102210121002010011
01022101210020100110
10221012100201001102
02210121002010011022
22101210020100110220
21012100201001102200
10121002010011022000
1210012122221102122
2100121222211021222
1001212222110212222
0012122221102122221
0121222211021222211
1212222110212222110
2122221102122221102
1222211021222211022
2222110212222110221
2221102122221102212
2211021222211022120
2110212222110221201
1102122221102212010
1021222211022120100
0212222110221201002
2122221102212010022
1222211022120100221
2222110221201002211
2221102212010022111
2211022120100221111

11011011110000010221
10110111100000102210
01101111000001022101
11011110000010221012
10111100000102210121
01111000001022101210
11110000010221012100
11100000102210121002
11000001022101210020
10000010221012100201
00000102210121002010
00001022101210020100
00010221012100201002
00102210121002010021
01022101210020100211
10221012100201002112
02210121002010021122
22101210020100211220
21012100201002112200
10121002010021122000
1210011102222102112
2100111022221021122
1001110222210211222
0011102222102112221
0111022221021122211
1110222210211222110
1102222102112221102
1022221021122211022
0222210211222110221
2222102112221102212
2221021122211022122
2210211222110221221
2102112221102212210
1021122211022122100
0211222110221221002
2112221102212210022
1122211022122100221
1222110221221002211
2221102212210022110
2211022122100221101

11010010120000010221
10100101200000102210
01001012000001022101
10010120000010221012
00101200000102210121
01012000001022101210
10120000010221012100
01200000102210121002
12000001022101210020
20000010221012100201
00000102210121002010
00001022101210020100
00010221012100201002
00102210121002010021
01022101210020100211
10221012100201002112
02210121002010021122
22101210020100211220
21012100201002112200
10121002010021122000
1210011102222102112
2100111022221021122
1001110222210211222
0011102222102112221
0111022221021122211
1110222210211222110
1102222102112221102
1022221021122211022
0222210211222110221
2222102112221102212
2221021122211022122
2210211222110221221
2102112221102212210
1021122211022122100
0211222110221221002
2112221102212210022
1122211022122100221
1222110221221002211
2221102212210022112
2211022122100221121

10011011110000010221
00110111100000102210
01101111000001022101
11011110000010221012
10111100000102210121
01111000001022101210
11110000010221012100
11100000102210121002
11000001022101210020
10000010221012100201
00000102210121002010
00001022101210020100
00010221012100201002
00102210121002010021
01022101210020100210
10221012100201002102
02210121002010021022
22101210020100210220
21012100201002102200
10121002010021022000
1210012122222102112
2100121222221021122
1001212222210211222
0012122222102112221
0121222221021122211
1212222210211222110
2122222102112221102
1222221021122211022
2222210211222110221
2222102112221102212
2221021122211022122
2210211222110221221
2102112221102212210
1021122211022122100
0211222110221221002
2112221102212210022
1122211022122100221
1222110221221002211
2221102212210022110
2211022122100221101

10121010110000011221
01210101100000112210
12101011000001122101
21010110000011221012
10101100000112210121
01011000001122101210
10110000011221012100
01100000112210121002
11000001122101210020
10000011221012100201
00000112210121002010
00001122101210020100
00011221012100201002
00112210121002010021
01122101210020100211
11221012100201002112
12210121002010021122
22101210020100211220
21012100201002112200
10121002010021122000
1210011102220102112
2100111022201021122
1001110222010211222
0011102220102112221
0111022201021122211
1110222010211222110
1102220102112221100
1022201021122211002
0222010211222110021
2220102112221100212
2201021122211002122
2010211222110021221
0102112221100212210
1021122211002122100
0211222110021221002
2112221100212210022
1122211002122100221
1222110021221002211
2221100212210022110
2211002122100221101

