Generation 699:
12210122122001002110
22101221220010021102
21012212200100211021
10122122001002110212
01221220010021102120
12212200100211021200
22122001002110212001
21220010021102120011
12200100211021200112
22001002110212001120
20010021102120011201
00100211021200112012
01002110212001120121
10021102120011201210
00211021200112012100
02110212001120121002
21102120011201210021
11021200112012100212
10212001120121002122
02120011201210021222
0220011010222212222
2200110102222122221
2001101022221222211
0011010222212222111
0110102222122221112
1101022221222211121
1010222212222111210
0102222122221112102
1022221222211121022
0222212222111210221
2222122221112102211
2221222211121022111
2212222111210221111
2122221112102211111
1222211121022111112
2222111210221111120
2221112102211111202
2211121022111112021
2111210221111120210
1112102211111202101

21210120122001002110
12101201220010021102
21012012200100211021
10120122001002110212
01201220010021102122
12012200100211021220
20122001002110212202
01220010021102122021
12200100211021220212
22001002110212202120
20010021102122021201
00100211021220212010
01002110212202120101
10021102122021201010
00211021220212010100
02110212202120101002
21102122021201010022
11021220212010100221
10212202120101002212
02122021201010022121
2221011011222210222
2210110112222102221
2101101122221022211
1011011222210222112
0110112222102221122
1101122221022211220
1011222210222112200
0112222102221122002
1122221022211220022
1222210222112200221
2222102221122002212
2221022211220022121
2210222112200221212
2102221122002212121
1022211220022121211
0222112200221212110
2221122002212121102
2211220022121211020
2112200221212110200
1122002212121102001

12120100212010102212
21201002120101022120
12010021201010221201
20100212010102212012
01002120101022120120
10021201010221201200
00212010102212012001
02120101022120120011
21201010221201200112
12010102212012001122
20101022120120011221
01010221201200112212
10102212012001122121
01022120120011221210
10221201200112212100
02212012001122121001
22120120011221210011
21201200112212100112
12012001122121001122
20120011221210011222
2200012001220202221
2000120012202022211
0001200122020222111
0012001220202221111
0120012202022211110
1200122020222111100
2001220202221111002
0012202022211110022
0122020222111100222
1220202221111002222
2202022211110022222
2020222111100222221
0202221111002222212
2022211110022222122
0222111100222221222
2221111002222212220
2211110022222122200
2111100222221222001
1111002222212220010
1110022222122200102

12220202102021102210
22202021020211022100
22020210202110221000
20202102021102210002
02021020211022100020
20210202110221000202
02102021102210002021
21020211022100020211
10202110221000202112
02021102210002021120
20211022100020211201
02110221000202112012
21102210002021120121
11022100020211201212
10221000202112012120
02210002021120121201
22100020211201212011
21000202112012120112
10002021120121201122
00020211201212011222
0200012110220202121
2000121102202021211
0001211022020212112
0012110220202121121
0121102202021211210
1211022020212112101
2110220202121121011
1102202021211210112
1022020212112101122
0220202121121011222
2202021211210112222
2020212112101122221
0202121121011222212
2021211210112222121
0212112101122221212
2121121011222212120
1211210112222121202
2112101122221212021
1121011222212120210
1210112222121202101

21210220122001002110
12102201220010021102
21022012200100211021
10220122001002110212
02201220010021102122
22012200100211021220
20122001002110212202
01220010021102122021
12200100211021220212
22001002110212202120
20010021102122021201
00100211021220212010
01002110212202120101
10021102122021201010
00211021220212010100
02110212202120101002
21102122021201010022
11021220212010100221
10212202120101002212
02122021201010022121
2221011010222210222
2210110102222102221
2101101022221022211
1011010222210222112
0110102222102221122
1101022221022211220
1010222210222112202
0102222102221122022
1022221022211220222
0222210222112202221
2222102221122022212
2221022211220222121
2210222112202221212
2102221122022212121
1022211220222121212
0222112202221212120
2221122022212121202
2211220222121212021
2112202221212120210
1122022212121202101

12210122112021102210
22101221120211022100
21012211202110221000
10122112021102210002
01221120211022100020
12211202110221000200
22112021102210002001
21120211022100020011
11202110221000200112
12021102210002001120
20211022100020011201
02110221000200112012
21102210002001120121
11022100020011201212
10221000200112012120
02210002001120121201
22100020011201212011
21000200112012120112
10002001120121201122
00020011201212011222
0200012110210212121
2000121102102121211
0001211021021212110
0012110210212121101
0121102102121211010
1211021021212110100
2110210212121101002
1102102121211010022
1021021212110100222
0210212121101002222
2102121211010022221
1021212110100222211
0212121101002222112
2121211010022221122
1212110100222211222
2121101002222112220
1211010022221122202
2110100222211222021
1101002222112220210
1010022221122202101

12221122102021102210
22211221020211022100
22112210202110221000
21122102021102210002
11221020211022100020
12210202110221000200
22102021102210002001
21020211022100020011
10202110221000200112
02021102210002001120
20211022100020011201
02110221000200112012
21102210002001120121
11022100020011201210
10221000200112012100
02210002001120121001
22100020011201210011
21000200112012100112
10002001120121001122
00020011201210011222
0200012110220212121
2000121102202121211
0001211022021212112
0012110220212121121
0121102202121211212
1211022021212112120
2110220212121121201
1102202121211212012
1022021212112120122
0220212121121201222
2202121211212012221
2021212112120122211
0212121121201222112
2121211212012221122
1212112120122211222
2121121201222112220
1211212012221122201
2112120122211222011
1121201222112220110
1212012221122201101

12220102202021102210
22201022020211022100
22010220202110221000
20102202021102210002
01022020211022100020
10220202110221000200
02202021102210002001
22020211022100020011
20202110221000200112
02021102210002001120
20211022100020011201
02110221000200112012
21102210002001120121
11022100020011201212
10221000200112012120
02210002001120121201
22100020011201212011
21000200112012120112
10002001120121201122
00020011201212011222
0200012110220202121
2000121102202021211
0001211022020212112
0012110220202121121
0121102202021211212
1211022020212112121
2110220202121121212
1102202021211212122
1022020212112121222
0220202121121212222
2202021211212122222
2020212112121222221
0202121121212222212
2021211212122222122
0212112121222221222
2121121212222212220
1211212122222122202
2112121222221222021
1121212222212220210
1212122222122202101

12200222122021022210
22002221220210222100
20022212202102221000
00222122021022210002
02221220210222100020
22212202102221000200
22122021022210002002
21220210222100020021
12202102221000200212
22021022210002002120
20210222100020021201
02102221000200212012
21022210002002120121
10222100020021201212
02221000200212012120
22210002002120121201
22100020021201212011
21000200212012120111
10002002120121201112
00020021201212011122
0200011011220212221
2000110112202122211
0001101122021222110
0011011220212221101
0110112202122211010
1101122021222110101
1011220212221101012
0112202122211010122
1122021222110101222
1220212221101012222
2202122211010122222
2021222110101222221
0212221101012222212
2122211010122222122
1222110101222221222
2221101012222212220
2211010122222122202
2110101222221222021
1101012222212220210
1010122222122202101

01120202002010101210
11202020020101012102
12020200201010121021
20202002010101210212
02020020101012102122
20200201010121021220
02002010101210212201
20020101012102122011
00201010121021220112
02010101210212201120
20101012102122011201
01010121021220112012
10101210212201120121
01012102122011201210
10121021220112012100
01210212201120121000
12102122011201210001
21021220112012100012
10212201120121000122
02122011201210001222
2102112001020201221
1021120010202012211
0211200102020122110
2112001020201221101
1120010202012211012
1200102020122110120
2001020201221101202
0010202012211012022
0102020122110120221
1020201221101202212
0202012211012022122
2020122110120221221
0201221101202212212
2012211012022122121
0122110120221221212
1221101202212212121
2211012022122121210
2110120221221212101
1101202212212121012
1012022122121210122

21210220122001122110
12102201220011221100
21022012200112211001
10220122001122110012
02201220011221100122
22012200112211001220
20122001122110012202
01220011221100122021
12200112211001220212
22001122110012202120
20011221100122021201
00112211001220212012
01122110012202120121
11221100122021201210
12211001220212012100
22110012202120121001
21100122021201210012
11001220212012100122
10012202120121001222
00122021201210012221
2221011010222212221
2210110102222122211
2101101022221222111
1011010222212221111
0110102222122211112
1101022221222111120
1010222212221111202
0102222122211112022
1022221222111120222
0222212221111202221
2222122211112022212
2221222111120222121
2212221111202221212
2122211112022212121
1222111120222121212
2221111202221212120
2211112022212121202
2111120222121212021
1111202221212120210
1112022212121202101

21210120122001002110
12101201220010021102
21012012200100211021
10120122001002110210
01201220010021102102
12012200100211021020
20122001002110210202
01220010021102102021
12200100211021020212
22001002110210202120
20010021102102021201
00100211021020212010
01002110210202120101
10021102102021201010
00211021020212010100
02110210202120101002
21102102021201010021
11021020212010100212
10210202120101002122
02102021201010021221
2220011011222210222
2200110112222102221
2001101122221022211
0011011222210222111
0110112222102221112
1101122221022211120
1011222210222111200
0112222102221112002
1122221022211120022
1222210222111200221
2222102221112002212
2221022211120022121
2210222111200221211
2102221112002212111
1022211120022121111
0222111200221211110
2221112002212111102
2211120022121111021
2111200221211110210
1112002212111102101

12220200202021102210
22202002020211022100
22020020202110221000
20200202021102210002
02002020211022100020
20020202110221000200
00202021102210002001
02020211022100020011
20202110221000200112
02021102210002001120
20211022100020011201
02110221000200112012
21102210002001120121
11022100020011201212
10221000200112012120
02210002001120121201
22100020011201212011
21000200112012120112
10002001120121201122
00020011201212011222
0200012010210202121
2000120102102021211
0001201021020212112
0012010210202121122
0120102102021211220
1201021020212112200
2010210202121122001
0102102021211220012
1021020212112200122
0210202121122001222
2102021211220012222
1020212112200122221
0202121122001222212
2021211220012222122
0212112200122221222
2121122001222212221
1211220012222122212
2112200122221222121
1122001222212221210
1220012222122212101

21210120112021122210
12101201120211222100
21012011202112221000
10120112021122210002
01201120211222100022
12011202112221000220
20112021122210002202
01120211222100022021
11202112221000220212
12021122210002202120
20211222100022021201
02112221000220212010
21122210002202120101
11222100022021201012
12221000220212010120
22210002202120101201
22100022021201012011
21000220212010120112
10002202120101201122
00022021201012011221
2200012111220212121
2000121112202121211
0001211122021212110
0012111220212121102
0121112202121211020
1211122021212110200
2111220212121102002
1112202121211020022
1122021212110200222
1220212121102002222
2202121211020022222
2021212110200222221
0212121102002222212
2121211020022222122
1212110200222221221
2121102002222212210
1211020022222122102
2110200222221221021
1102002222212210210
1020022222122102101

12210200202021102200
22102002020211022000
21020020202110220001
10200202021102200012
02002020211022000120
20020202110220001200
00202021102200012001
02020211022000120011
20202110220001200112
02021102200012001120
20211022000120011201
02110220001200112012
21102200012001120121
11022000120011201210
10220001200112012100
02200012001120121001
22000120011201210011
20001200112012100112
00012001120121001122
00120011201210011221
0100012010010202121
1000120100102021211
0001201001020212112
0012010010202121122
0120100102021211220
1201001020212112200
2010010202121122001
0100102021211220012
1001020212112200122
0010202121122001222
0102021211220012222
1020212112200122221
0202121122001222212
2021211220012222122
0212112200122221222
2121122001222212221
1211220012222122212
2112200122221222121
1122001222212221210
1220012222122212101

12221102202021102210
22211022020211022100
22110220202110221000
21102202021102210002
11022020211022100020
10220202110221000200
02202021102210002001
22020211022100020011
20202110221000200112
02021102210002001120
20211022100020011201
02110221000200112012
21102210002001120121
11022100020011201210
10221000200112012100
02210002001120121001
22100020011201210011
21000200112012100112
10002001120121001122
00020011201210011222
0200012110220212121
2000121102202121211
0001211022021212112
0012110220212121121
0121102202121211212
1211022021212112120
2110220212121121202
1102202121211212022
1022021212112120222
0220212121121202222
2202121211212022221
2021212112120222211
0212121121202222112
2121211212022221122
1212112120222211222
2121121202222112220
1211212022221122201
2112120222211222011
1121202222112220110
1212022221122201101

12220202202021122210
22202022020211222100
22020220202112221000
20202202021122210002
02022020211222100020
20220202112221000200
02202021122210002001
22020211222100020011
20202112221000200112
02021122210002001120
20211222100020011201
02112221000200112012
21122210002001120121
11222100020011201212
12221000200112012120
22210002001120121201
22100020011201212011
21000200112012120112
10002001120121201122
00020011201212011222
0200012110220202121
2000121102202021211
0001211022020212112
0012110220202121121
0121102202021211210
1211022020212112101
2110220202121121011
1102202021211210112
1022020212112101122
0220202121121011222
2202021211210112222
2020212112101122221
0202121121011222212
2021211210112222122
0212112101122221222
2121121011222212220
1211210112222122202
2112101122221222021
1121011222212220210
1210112222122202101

12220102102021102210
22201021020211022100
22010210202110221000
20102102021102210002
01021020211022100020
10210202110221000200
02102021102210002001
21020211022100020011
10202110221000200112
02021102210002001120
20211022100020011201
02110221000200112012
21102210002001120121
11022100020011201212
10221000200112012120
02210002001120121201
22100020011201212011
21000200112012120112
10002001120121201122
00020011201212011222
0200012110220212121
2000121102202121211
0001211022021212110
0012110220212121101
0121102202121211010
1211022021212110100
2110220212121101001
1102202121211010012
1022021212110100122
0220212121101001222
2202121211010012221
2021212110100122211
0212121101001222112
2121211010012221122
1212110100122211222
2121101001222112220
1211010012221122201
2110100122211222011
1101001222112220110
1010012221122201101

12220222202021102210
22202222020211022100
22022220202110221000
20222202021102210002
02222020211022100020
22220202110221000200
22202021102210002001
22020211022100020011
20202110221000200112
02021102210002001120
20211022100020011201
02110221000200112012
21102210002001120121
11022100020011201212
10221000200112012120
02210002001120121201
22100020011201212011
21000200112012120112
10002001120121201122
00020011201212011222
0200010111010202221
2000101110102022211
0001011101020222110
0010111010202221101
0101110102022211010
1011101020222110100
0111010202221101001
1110102022211010012
1101020222110100122
1010202221101001222
0102022211010012222
1020222110100122221
0202221101001222212
2022211010012222122
0222110100122221222
2221101001222212220
2211010012222122201
2110100122221222011
1101001222212220110
1010012222122201101

12221202102021102210
22212021020211022100
22120210202110221000
21202102021102210002
12021020211022100020
20210202110221000202
02102021102210002021
21020211022100020211
10202110221000202112
02021102210002021120
20211022100020211201
02110221000202112012
21102210002021120121
11022100020211201210
10221000202112012100
02210002021120121001
22100020211201210011
21000202112012100112
10002021120121001122
00020211201210011222
0200012110220212121
2000121102202121211
0001211022021212112
0012110220212121121
0121102202121211210
1211022021212112100
2110220212121121001
1102202121211210012
1022021212112100122
0220212121121001222
2202121211210012221
2021212112100122211
0212121121001222112
2121211210012221121
1212112100122211212
2121121001222112120
1211210012221121201
2112100122211212011
1121001222112120110
1210012221121201101

21210120112001102110
12101201120011021102
21012011200110211021
10120112001102110212
01201120011021102122
12011200110211021220
20112001102110212201
01120011021102122011
11200110211021220112
12001102110212201120
20011021102122011201
00110211021220112010
01102110212201120101
11021102122011201010
10211021220112010100
02110212201120101001
21102122011201010011
11021220112010100112
10212201120101001122
02122011201010011222
2201012110222210121
2010121102222101211
0101211022221012111
1012110222210121111
0121102222101211112
1211022221012111120
2110222210121111200
1102222101211112002
1022221012111120022
0222210121111200221
2222101211112002211
2221012111120022111
2210121111200221112
2101211112002211121
1012111120022111211
0121111200221112110
1211112002211121101
2111120022111211010
1111200221112110100
1112002211121101001

12200110202020102102
22001102020201021020
20011020202010210201
00110202020102102012
01102020201021020120
11020202010210201200
10202020102102012001
02020201021020120011
20202010210201200112
02020102102012001122
20201021020120011221
02010210201200112212
20102102012001122121
01021020120011221212
10210201200112212122
02102012001122121221
21020120011221212211
10201200112212122112
02012001122121221121
20120011221212211211
2000012012212202121
0000120122122021211
0001201221220212111
0012012212202121111
0120122122021211110
1201221220212111100
2012212202121111002
0122122021211110022
1221220212111100222
2212202121111002222
2122021211110022222
1220212111100222221
2202121111002222212
2021211110022222122
0212111100222221222
2121111002222212220
1211110022222122202
2111100222221222021
1111002222212220210
1110022222122202102

12210122112021002210
22101221120210022102
21012211202100221020
10122112021002210202
01221120210022102020
12211202100221020200
22112021002210202001
21120210022102020011
11202100221020200112
12021002210202001120
20210022102020011201
02100221020200112010
21002210202001120101
10022102020011201012
00221020200112010120
02210202001120101202
22102020011201012021
21020200112010120211
10202001120101202112
02020011201012021122
0200012110220210122
2000121102202101221
0001211022021012210
0012110220210122102
0121102202101221020
1211022021012210201
2110220210122102012
1102202101221020122
1022021012210201222
0220210122102012222
2202101221020122221
2021012210201222211
0210122102012222112
2101221020122221122
1012210201222211222
0122102012222112220
1221020122221122202
2210201222211222021
2102012222112220210
1020122221122202101

21210220122001002212
12102201220010022122
21022012200100221221
10220122001002212212
02201220010022122122
22012200100221221220
20122001002212212202
01220010022122122021
12200100221221220211
22001002212212202110
20010022122122021101
00100221221220211010
01002212212202110101
10022122122021101010
00221221220211010100
02212212202110101002
22122122021101010022
21221220211010100221
12212202110101002212
22122021101010022121
2222011010222212222
2220110102222122221
2201101022221222211
2011010222212222112
0110102222122221122
1101022221222211220
1010222212222112202
0102222122221122022
1022221222211220222
0222212222112202221
2222122221122022212
2221222211220222121
2212222112202221212
2122221122022212121
1222211220222121212
2222112202221212120
2221122022212121202
2211220222121212021
2112202221212120210
1122022212121202101

12210202202021102210
22102022020211022100
21020220202110221001
10202202021102210012
02022020211022100120
20220202110221001200
02202021102210012001
22020211022100120011
20202110221001200112
02021102210012001120
20211022100120011201
02110221001200112012
21102210012001120121
11022100120011201210
10221001200112012100
02210012001120121001
22100120011201210011
21001200112012100112
10012001120121001122
00120011201210011222
0200012110210202121
2000121102102021211
0001211021020212112
0012110210202121121
0121102102021211210
1211021020212112100
2110210202121121001
1102102021211210012
1021020212112100122
0210202121121001222
2102021211210012222
1020212112100122221
0202121121001222212
2021211210012222122
0212112100122221222
2121121001222212220
1211210012222122202
2112100122221222021
1121001222212220210
1210012222122202101

12210220202021122210
22102202020211222100
21022020202112221000
10220202021122210002
02202020211222100020
22020202112221000200
20202021122210002001
02020211222100020011
20202112221000200112
02021122210002001120
20211222100020011201
02112221000200112012
21122210002001120121
11222100020011201212
12221000200112012120
22210002001120121201
22100020011201212011
21000200112012120112
10002001120121201122
00020011201212011222
0200012010220212121
2000120102202121211
0001201022021212112
0012010220212121121
0120102202121211210
1201022021212112100
2010220212121121001
0102202121211210012
1022021212112100122
0220212121121001222
2202121211210012221
2021212112100122211
0212121121001222112
2121211210012221122
1212112100122211222
2121121001222112221
1211210012221122212
2112100122211222121
1121001222112221210
1210012221122212101

12120200212010102202
21202002120101022020
12020021201010220201
20200212010102202012
02002120101022020120
20021201010220201200
00212010102202012001
02120101022020120011
21201010220201200112
12010102202012001122
20101022020120011221
01010220201200112212
10102202012001122121
01022020120011221212
10220201200112212120
02202012001122121201
22020120011221212011
20201200112212120112
02012001122121201122
20120011221212011221
0102012001010202221
1020120010102022211
0201200101020222111
2012001010202221111
0120010102022211110
1200101020222111100
2001010202221111002
0010102022211110022
0101020222111100222
1010202221111002222
0102022211110022222
1020222111100222221
0202221111002222212
2022211110022222121
0222111100222221212
2221111002222212120
2211110022222121200
2111100222221212001
1111002222212120010
1110022222121200102

12120100202010102212
21201002020101022120
12010020201010221200
20100202010102212002
01002020101022120020
10020201010221200200
00202010102212002001
02020101022120020011
20201010221200200112
02010102212002001122
20101022120020011221
01010221200200112212
10102212002001122121
01022120020011221210
10221200200112212100
02212002001122121001
22120020011221210011
21200200112212100112
12002001122121001122
20020011221210011222
2100012001020202221
1000120010202022211
0001200102020222111
0012001020202221111
0120010202022211110
1200102020222111100
2001020202221111001
0010202022211110012
0102020222111100122
1020202221111001222
0202022211110012222
2020222111100122221
0202221111001222212
2022211110012222122
0222111100122221222
2221111001222212220
2211110012222122200
2111100122221222001
1111001222212220010
1110012222122200102

12221102102021102210
22211021020211022100
22110210202110221000
21102102021102210002
11021020211022100020
10210202110221000200
02102021102210002001
21020211022100020011
10202110221000200112
02021102210002001120
20211022100020011201
02110221000200112012
21102210002001120121
11022100020011201210
10221000200112012100
02210002001120121001
22100020011201210011
21000200112012100112
10002001120121001122
00020011201210011222
0200012110220212121
2000121102202121211
0001211022021212112
0012110220212121121
0121102202121211212
1211022021212112120
2110220212121121201
1102202121211212012
1022021212112120122
0220212121121201222
2202121211212012221
2021212112120122211
0212121121201222112
2121211212012221122
1212112120122211222
2121121201222112220
1211212012221122201
2112120122211222011
1121201222112220110
1212012221122201101

12210202112021102210
22102021120211022100
21020211202110221001
10202112021102210012
02021120211022100120
20211202110221001200
02112021102210012001
21120211022100120011
11202110221001200112
12021102210012001120
20211022100120011201
02110221001200112012
21102210012001120121
11022100120011201210
10221001200112012100
02210012001120121001
22100120011201210011
21001200112012100112
10012001120121001122
00120011201210011222
0200012110210202121
2000121102102021211
0001211021020212110
0012110210202121102
0121102102021211020
1211021020212110201
2110210202121102012
1102102021211020122
1021020212110201222
0210202121102012222
2102021211020122222
1020212110201222221
0202121102012222212
2021211020122222122
0212110201222221222
2121102012222212220
1211020122222122202
2110201222221222021
1102012222212220210
1020122222122202101

12010100221021102212
20101002210211022120
01010022102110221201
10100221021102212010
01002210211022120100
10022102110221201002
00221021102212010022
02210211022120100221
22102110221201002212
21021102212010022120
10211022120100221201
02110221201002212012
21102212010022120121
11022120100221201210
10221201002212012100
02212010022120121001
22120100221201210011
21201002212012100112
12010022120121001122
20100221201210011222
2100010001021000221
1000100010210002211
0001000102100022111
0010001021000221111
0100010210002211110
1000102100022111101
0001021000221111012
0010210002211110122
0102100022111101222
1021000221111012221
0210002211110122212
2100022111101222122
1000221111012221222
0002211110122212222
0022111101222122222
0221111012221222220
2211110122212222202
2111101222122222020
1111012221222220200
1110122212222202002

12210122112021122210
22101221120211222100
21012211202112221000
10122112021122210002
01221120211222100020
12211202112221000200
22112021122210002001
21120211222100020011
11202112221000200112
12021122210002001120
20211222100020011201
02112221000200112012
21122210002001120121
11222100020011201212
12221000200112012120
22210002001120121201
22100020011201212011
21000200112012120112
10002001120121201122
00020011201212011222
0200012110220212121
2000121102202121211
0001211022021212110
0012110220212121101
0121102202121211010
1211022021212110101
2110220212121101012
1102202121211010122
1022021212110101222
0220212121101012222
2202121211010122221
2021212110101222211
0212121101012222112
2121211010122221122
1212110101222211222
2121101012222112220
1211010122221122202
2110101222211222021
1101012222112220210
1010122221122202101

12220200212021102200
22202002120211022000
22020021202110220001
20200212021102200012
02002120211022000120
20021202110220001202
00212021102200012021
02120211022000120211
21202110220001202112
12021102200012021120
20211022000120211201
02110220001202112012
21102200012021120121
11022000120211201212
10220001202112012120
02200012021120121201
22000120211201212011
20001202112012120112
00012021120121201122
00120211201212011221
0100012110210202121
1000121102102021211
0001211021020212112
0012110210202121121
0121102102021211210
1211021020212112100
2110210202121121002
1102102021211210022
1021020212112100222
0210202121121002222
2102021211210022222
1020212112100222221
0202121121002222212
2021211210022222121
0212112100222221212
2121121002222212120
1211210022222121202
2112100222221212021
1121002222212120210
1210022222121202101

01220200201001002210
12202002010010022102
22020020100100221021
20200201001002210212
02002010010022102122
20020100100221021222
00201001002210212221
02010010022102122211
20100100221021222112
01001002210212221120
10010022102122211201
00100221021222112010
01002210212221120101
10022102122211201010
00221021222112010100
02210212221120101001
22102122211201010012
21021222112010100122
10212221120101001222
02122211201010012222
0201012010000212122
2010120100002121222
0101201000021212221
1012010000212122211
0120100002121222112
1201000021212221120
2010000212122211202
0100002121222112022
1000021212221120222
0000212122211202222
0002121222112022222
0021212221120222221
0212122211202222212
2121222112022222122
1212221120222221222
2122211202222212220
1222112022222122202
2221120222221222021
2211202222212220210
2112022222122202101

21210220122001002110
12102201220010021102
21022012200100211021
10220122001002110212
02201220010021102122
22012200100211021220
20122001002110212202
01220010021102122021
12200100211021220212
22001002110212202120
20010021102122021201
00100211021220212010
01002110212202120101
10021102122021201010
00211021220212010100
02110212202120101002
21102122021201010022
11021220212010100221
10212202120101002212
02122021201010022121
2221011010222210222
2210110102222102221
2101101022221022211
1011010222210222112
0110102222102221122
1101022221022211220
1010222210222112202
0102222102221122022
1022221022211220222
0222210222112202221
2222102221122022212
2221022211220222121
2210222112202221212
2102221122022212121
1022211220222121212
0222112202221212120
2221122022212121202
2211220222121212021
2112202221212120210
1122022212121202101

12220222222021102110
22202222220211021100
22022222202110211000
20222222021102110002
02222220211021100020
22222202110211000200
22222021102110002001
22220211021100020011
22202110211000200112
22021102110002001120
20211021100020011201
02110211000200112012
21102110002001120121
11021100020011201212
10211000200112012120
02110002001120121202
21100020011201212021
11000200112012120211
10002001120121202112
00020011201212021122
0200011110220201221
2000111102202012211
0001111022020122112
0011110220201221121
0111102202012211210
1111022020122112101
1110220201221121012
1102202012211210122
1022020122112101222
0220201221121012222
2202012211210122222
2020122112101222222
0201221121012222222
2012211210122222221
0122112101222222212
1221121012222222121
2211210122222221212
2112101222222212121
1121012222222121210
1210122222221212101

11120100212001102212
11201002120011022120
12010021200110221201
20100212001102212012
01002120011022120120
10021200110221201200
00212001102212012001
02120011022120120011
21200110221201200112
12001102212012001122
20011022120120011221
00110221201200112210
01102212012001122101
11022120120011221010
10221201200112210100
02212012001122101001
22120120011221010011
21201200112210100112
12012001122101001122
20120011221010011221
2100012001220212221
1000120012202122211
0001200122021222111
0012001220212221111
0120012202122211110
1200122021222111100
2001220212221111002
0012202122211110022
0122021222111100222
1220212221111002222
2202122211110022222
2021222111100222221
0212221111002222212
2122211110022222121
1222111100222221212
2221111002222212120
2211110022222121200
2111100222221212001
1111002222212120010
1110022222121200101

22210220122010002100
22102201220100021002
21022012201000210021
10220122010002100212
02201220100021002122
22012201000210021220
20122010002100212202
01220100021002122021
12201000210021220212
22010002100212202120
20100021002122021201
01000210021220212012
10002100212202120121
00021002122021201210
00210021220212012100
02100212202120121002
21002122021201210022
10021220212012100221
00212202120121002212
02122021201210022121
2221011010022200222
2210110100222002221
2101101002220022211
1011010022200222112
0110100222002221122
1101002220022211220
1010022200222112202
0100222002221122022
1002220022211220222
0022200222112202221
0222002221122022212
2220022211220222121
2200222112202221212
2002221122022212122
0022211220222121222
0222112202221212220
2221122022212122202
2211220222121222021
2112202221212220210
1122022212122202102

11200122122001102110
12001221220011021102
20012212200110211020
00122122001102110202
01221220011021102022
12212200110211020220
22122001102110202201
21220011021102022011
12200110211020220112
22001102110202201120
20011021102022011201
00110211020220112010
01102110202201120101
11021102022011201010
10211020220112010100
02110202201120101001
21102022011201010011
11020220112010100112
10202201120101001122
02022011201010011222
2200011011222212121
2000110112222121211
0001101122221212111
0011011222212121111
0110112222121211112
1101122221212111120
1011222212121111201
0112222121211112012
1122221212111120122
1222212121111201222
2222121211112012222
2221212111120122221
2212121111201222212
2121211112012222121
1212111120122221211
2121111201222212110
1211112012222121101
2111120122221211010
1111201222212110100
1112012222121101001

22221100102021002210
22211001020210022100
22110010202100221001
21100102021002210012
11001020210022100120
10010202100221001200
00102021002210012002
01020210022100120021
10202100221001200212
02021002210012002120
20210022100120021201
02100221001200212012
21002210012002120121
10022100120021201210
00221001200212012100
02210012002120121001
22100120021201210011
21001200212012100111
10012002120121001112
00120021201210011122
0201012110220210221
2010121102202102211
0101211022021022112
1012110220210221121
0121102202102211212
1211022021022112120
2110220210221121200
1102202102211212002
1022021022112120022
0220210221121200221
2202102211212002211
2021022112120022111
0210221121200221112
2102211212002211122
1022112120022111222
0221121200221112220
2211212002211122201
2112120022111222011
1121200221112220110
1212002211122201101

