Generation 699:
0221012100012220011021
2210121000122200110210
2101210001222001102101
1012100012220011021012
0121000122200110210121
1210001222001102101210
2100012220011021012101
1000122200110210121011
0001222001102101210112
0012220011021012101122
0122200110210121011220
1222001102101210112202
2220011021012101122020
2200110210121011220202
2001102101210112202021
0011021012101122020212
0110210121011220202121
1102101210112202021212
1021012101122020212120
0210121011220202121201
2101210112202021212012
1012101122020212120122
000210021110002020111
002100211100020201110
021002111000202011101
210021110002020111011
100211100020201110111
002111000202011101110
021110002020111011102
211100020201110111022
111000202011101110221
110002020111011102212
100020201110111022120
000202011101110221201
002020111011102212012
020201110111022120120
202011101110221201202
020111011102212012020
201110111022120120202
011101110221201202021
111011102212012020210
110111022120120202101
101110221201202021010
011102212012020210101

0211012100021220011011
2110121000212200110110
1101210002122001101101
1012100021220011011012
0121000212200110110121
1210002122001101101212
2100021220011011012121
1000212200110110121211
0002122001101101212112
0021220011011012121122
0212200110110121211220
2122001101101212112202
1220011011012121122020
2200110110121211220202
2001101101212112202021
0011011012121122020212
0110110121211220202121
1101101212112202021210
1011012121122020212100
0110121211220202121001
1101212112202021210012
1012121122020212100122
100210021210001220011
002100212100012200110
021002121000122001101
210021210001220011011
100212100012200110111
002121000122001101110
021210001220011011102
212100012200110111022
121000122001101110221
210001220011011102212
100012200110111022120
000122001101110221200
001220011011102212002
012200110111022120020
122001101110221200202
220011011102212002020
200110111022120020202
001101110221200202021
011011102212002020210
110111022120020202101
101110221200202021010
011102212002020210101

0221011100011220011021
2210111000112200110211
2101110001122001102111
1011100011220011021112
0111000112200110211121
1110001122001102111210
1100011220011021112101
1000112200110211121011
0001122001102111210112
0011220011021112101122
0112200110211121011220
1122001102111210112202
1220011021112101122020
2200110211121011220202
2001102111210112202021
0011021112101122020212
0110211121011220202121
1102111210112202021212
1021112101122020212120
0211121011220202121201
2111210112202021212012
1112101122020212120122
000210021210002020111
002100212100020201110
021002121000202011101
210021210002020111011
100212100020201110111
002121000202011101110
021210002020111011102
212100020201110111022
121000202011101110221
210002020111011102212
100020201110111022120
000202011101110221201
002020111011102212012
020201110111022120120
202011101110221201202
020111011102212012020
201110111022120120202
011101110221201202021
111011102212012020210
110111022120120202101
101110221201202021011
011102212012020210111

0211012100012220011011
2110121000122200110110
1101210001222001101101
1012100012220011011012
0121000122200110110121
1210001222001101101212
2100012220011011012121
1000122200110110121211
0001222001101101212112
0012220011011012121122
0122200110110121211220
1222001101101212112202
2220011011012121122020
2200110110121211220202
2001101101212112202021
0011011012121122020212
0110110121211220202121
1101101212112202021212
1011012121122020212120
0110121211220202121201
1101212112202021212012
1012121122020212120122
100210021211001220011
002100212110012200110
021002121100122001101
210021211001220011011
100212110012200110111
002121100122001101110
021211001220011011102
212110012200110111022
121100122001101110221
211001220011011102212
110012200110111022120
100122001101110221201
001220011011102212012
012200110111022120120
122001101110221201202
220011011102212012020
200110111022120120202
001101110221201202021
011011102212012020210
110111022120120202101
101110221201202021010
011102212012020210101

0211012100012220011021
2110121000122200110211
1101210001222001102111
1012100012220011021112
0121000122200110211121
1210001222001102111210
2100012220011021112101
1000122200110211121012
0001222001102111210122
0012220011021112101222
0122200110211121012220
1222001102111210122202
2220011021112101222020
2200110211121012220200
2001102111210122202001
0011021112101222020012
0110211121012220200121
1102111210122202001212
1021112101222020012120
0211121012220200121201
2111210122202001212012
1112101222020012120122
100210221210021020111
002102212100210201110
021022121002102011101
210221210021020111011
102212100210201110111
022121002102011101110
221210021020111011102
212100210201110111022
121002102011101110221
210021020111011102212
100210201110111022120
002102011101110221201
021020111011102212012
210201110111022120120
102011101110221201202
020111011102212012020
201110111022120120202
011101110221201202021
111011102212012020210
110111022120120202101
101110221201202021010
011102212012020210101

0221011100011220011011
2210111000112200110110
2101110001122001101101
1011100011220011011012
0111000112200110110121
1110001122001101101212
1100011220011011012121
1000112200110110121211
0001122001101101212112
0011220011011012121122
0112200110110121211220
1122001101101212112202
1220011011012121122020
2200110110121211220202
2001101101212112202021
0011011012121122020212
0110110121211220202121
1101101212112202021210
1011012121122020212100
0110121211220202121001
1101212112202021210012
1012121122020212100122
000210011111001220111
002100111110012201110
021001111100122011101
210011111001220111011
100111110012201110111
001111100122011101110
011111001220111011102
111110012201110111022
111100122011101110221
111001220111011102212
110012201110111022120
100122011101110221200
001220111011102212002
012201110111022120020
122011101110221200202
220111011102212002020
201110111022120020202
011101110221200202021
111011102212002020210
110111022120020202101
101110221200202021010
011102212002020210101

0221012100012220011021
2210121000122200110210
2101210001222001102101
1012100012220011021012
0121000122200110210121
1210001222001102101210
2100012220011021012101
1000122200110210121012
0001222001102101210122
0012220011021012101222
0122200110210121012220
1222001102101210122202
2220011021012101222020
2200110210121012220202
2001102101210122202021
0011021012101222020212
0110210121012220202121
1102101210122202021212
1021012101222020212120
0210121012220202121201
2101210122202021212012
1012101222020212120122
000210021110002020011
002100211100020200110
021002111000202001101
210021110002020011011
100211100020200110111
002111000202001101110
021110002020011011102
211100020200110111021
111000202001101110211
110002020011011102112
100020200110111021120
000202001101110211201
002020011011102112012
020200110111021120120
202001101110211201202
020011011102112012020
200110111021120120202
001101110211201202021
011011102112012020210
110111021120120202101
101110211201202021010
011102112012020210101

0001012100011220011011
0010121000112200110110
0101210001122001101101
1012100011220011011012
0121000112200110110121
1210001122001101101212
2100011220011011012121
1000112200110110121212
0001122001101101212122
0011220011011012121222
0112200110110121212220
1122001101101212122202
1220011011012121222020
2200110110121212220200
2001101101212122202001
0011011012121222020012
0110110121212220200121
1101101212122202001212
1011012121222020012120
0110121212220200121201
1101212122202001212012
1012121222020012120122
100210021211001220011
002100212110012200110
021002121100122001101
210021211001220011011
100212110012200110111
002121100122001101110
021211001220011011102
212110012200110111021
121100122001101110211
211001220011011102112
110012200110111021120
100122001101110211200
001220011011102112002
012200110111021120020
122001101110211200201
220011011102112002011
200110111021120020112
001101110211200201121
011011102112002011210
110111021120020112101
101110211200201121010
011102112002011210101

0211012100012220011021
2110121000122200110211
1101210001222001102111
1012100012220011021112
0121000122200110211121
1210001222001102111212
2100012220011021112121
1000122200110211121211
0001222001102111212112
0012220011021112121122
0122200110211121211220
1222001102111212112202
2220011021112121122020
2200110211121211220200
2001102111212112202001
0011021112121122020012
0110211121211220200121
1102111212112202001210
1021112121122020012100
0211121211220200121001
2111212112202001210012
1112121122020012100122
100210221210021220111
002102212100212201110
021022121002122011101
210221210021220111011
102212100212201110111
022121002122011101110
221210021220111011102
212100212201110111021
121002122011101110211
210021220111011102112
100212201110111021120
002122011101110211201
021220111011102112012
212201110111021120120
122011101110211201202
220111011102112012020
201110111021120120202
011101110211201202021
111011102112012020210
110111021120120202101
101110211201202021010
011102112012020210101

0211011100012220011011
2110111000122200110110
1101110001222001101101
1011100012220011011012
0111000122200110110121
1110001222001101101212
1100012220011011012121
1000122200110110121211
0001222001101101212112
0012220011011012121122
0122200110110121211220
1222001101101212112202
2220011011012121122020
2200110110121211220202
2001101101212112202021
0011011012121122020212
0110110121211220202121
1101101212112202021210
1011012121122020212100
0110121211220202121001
1101212112202021210012
1012121122020212100122
000210011210001220111
002100112100012201110
021001121000122011101
210011210001220111011
100112100012201110111
001121000122011101110
011210001220111011102
112100012201110111022
121000122011101110221
210001220111011102212
100012201110111022120
000122011101110221200
001220111011102212002
012201110111022120020
122011101110221200202
220111011102212002020
201110111022120020202
011101110221200202021
111011102212002020210
110111022120020202101
101110221200202021010
011102212002020210101

0221012100011210011011
2210121000112100110110
2101210001121001101101
1012100011210011011012
0121000112100110110121
1210001121001101101210
2100011210011011012101
1000112100110110121011
0001121001101101210112
0011210011011012101122
0112100110110121011220
1121001101101210112202
1210011011012101122020
2100110110121011220202
1001101101210112202020
0011011012101122020202
0110110121011220202021
1101101210112202020210
1011012101122020202100
0110121011220202021001
1101210112202020210012
1012101122020202100122
000210021111002220111
002100211110022201110
021002111100222011101
210021111002220111011
100211110022201110111
002111100222011101110
021111002220111011102
211110022201110111022
111100222011101110221
111002220111011102212
110022201110111022120
100222011101110221200
002220111011102212002
022201110111022120020
222011101110221200202
220111011102212002020
201110111022120020202
011101110221200202021
111011102212002020210
110111022120020202101
101110221200202021010
011102212002020210101

0211012100022220011011
2110121000222200110110
1101210002222001101101
1012100022220011011012
0121000222200110110122
1210002222001101101222
2100022220011011012221
1000222200110110122211
0002222001101101222112
0022220011011012221122
0222200110110122211220
2222001101101222112202
2220011011012221122020
2200110110122211220202
2001101101222112202021
0011011012221122020212
0110110122211220202121
1101101222112202021210
1011012221122020212100
0110122211220202121001
1101222112202021210012
1012221122020212100122
100210021210001220111
002100212100012201110
021002121000122011101
210021210001220111011
100212100012201110111
002121000122011101110
021210001220111011102
212100012201110111022
121000122011101110221
210001220111011102212
100012201110111022120
000122011101110221201
001220111011102212012
012201110111022120120
122011101110221201202
220111011102212012020
201110111022120120202
011101110221201202021
111011102212012020210
110111022120120202101
101110221201202021010
011102212012020210101

0211012122011210011011
2110121220112100110110
1101212201121001101101
1012122011210011011012
0121220112100110110121
1212201121001101101210
2122011210011011012101
1220112100110110121011
2201121001101101210112
2011210011011012101122
0112100110110121011220
1121001101101210112202
1210011011012101122020
2100110110121011220202
1001101101210112202021
0011011012101122020212
0110110121011220202120
1101101210112202021200
1011012101122020212000
0110121011220202120001
1101210112202021200012
1012101122020212000122
000210221211002220111
002102212110022201110
021022121100222011101
210221211002220111011
102212110022201110111
022121100222011101110
221211002220111011102
212110022201110111021
121100222011101110211
211002220111011102112
110022201110111021120
100222011101110211201
002220111011102112012
022201110111021120120
222011101110211201201
220111011102112012010
201110111021120120102
011101110211201201021
111011102112012010210
110111021120120102101
101110211201201021011
011102112012010210111

0001012100011220011011
0010121000112200110110
0101210001122001101101
1012100011220011011012
0121000112200110110121
1210001122001101101212
2100011220011011012121
1000112200110110121212
0001122001101101212122
0011220011011012121222
0112200110110121212220
1122001101101212122202
1220011011012121222020
2200110110121212220200
2001101101212122202001
0011011012121222020012
0110110121212220200121
1101101212122202001212
1011012121222020012120
0110121212220200121201
1101212122202001212012
1012121222020012120122
100210221211002220111
002102212110022201110
021022121100222011101
210221211002220111011
102212110022201110111
022121100222011101110
221211002220111011102
212110022201110111021
121100222011101110211
211002220111011102112
110022201110111021120
100222011101110211200
002220111011102112002
022201110111021120020
222011101110211200201
220111011102112002011
201110111021120020112
011101110211200201121
111011102112002011210
110111021120020112101
101110211200201121010
011102112002011210101

0221011100011210011011
2210111000112100110111
2101110001121001101111
1011100011210011011112
0111000112100110111121
1110001121001101111210
1100011210011011112101
1000112100110111121012
0001121001101111210122
0011210011011112101222
0112100110111121012220
1121001101111210122202
1210011011112101222020
2100110111121012220200
1001101111210122202000
0011011112101222020002
0110111121012220200021
1101111210122202000210
1011112101222020002100
0111121012220200021001
1111210122202000210012
1112101222020002100122
000210021111002220111
002100211110022201110
021002111100222011101
210021111002220111011
100211110022201110111
002111100222011101110
021111002220111011102
211110022201110111022
111100222011101110221
111002220111011102212
110022201110111022120
100222011101110221200
002220111011102212002
022201110111022120020
222011101110221200202
220111011102212002020
201110111022120020202
011101110221200202021
111011102212002020210
110111022120020202101
101110221200202021010
011102212002020210101

0211012122011210011011
2110121220112100110110
1101212201121001101101
1012122011210011011012
0121220112100110110121
1212201121001101101210
2122011210011011012101
1220112100110110121011
2201121001101101210112
2011210011011012101122
0112100110110121011220
1121001101101210112202
1210011011012101122020
2100110110121011220202
1001101101210112202020
0011011012101122020202
0110110121011220202020
1101101210112202020200
1011012101122020202000
0110121011220202020001
1101210112202020200012
1012101122020202000122
000210021211002220111
002100212110022201110
021002121100222011101
210021211002220111011
100212110022201110111
002121100222011101110
021211002220111011102
212110022201110111021
121100222011101110211
211002220111011102112
110022201110111021120
100222011101110211201
002220111011102112012
022201110111021120120
222011101110211201201
220111011102112012010
201110111021120120102
011101110211201201021
111011102112012010210
110111021120120102101
101110211201201021011
011102112012010210111

0211012100012220011021
2110121000122200110211
1101210001222001102111
1012100012220011021112
0121000122200110211121
1210001222001102111212
2100012220011021112121
1000122200110211121212
0001222001102111212122
0012220011021112121222
0122200110211121212220
1222001102111212122202
2220011021112121222020
2200110211121212220200
2001102111212122202001
0011021112121222020012
0110211121212220200121
1102111212122202001210
1021112121222020012100
0211121212220200121001
2111212122202001210012
1112121222020012100122
100210221210021020111
002102212100210201110
021022121002102011101
210221210021020111011
102212100210201110111
022121002102011101110
221210021020111011102
212100210201110111021
121002102011101110211
210021020111011102112
100210201110111021120
002102011101110211201
021020111011102112012
210201110111021120120
102011101110211201202
020111011102112012020
201110111021120120202
011101110211201202021
111011102112012020210
110111021120120202101
101110211201202021010
011102112012020210101

0221012100011210011011
2210121000112100110110
2101210001121001101101
1012100011210011011012
0121000112100110110120
1210001121001101101200
2100011210011011012001
1000112100110110120011
0001121001101101200112
0011210011011012001122
0112100110110120011220
1121001101101200112202
1210011011012001122020
2100110110120011220202
1001101101200112202020
0011011012001122020202
0110110120011220202021
1101101200112202020210
1011012001122020202100
0110120011220202021001
1101200112202020210012
1012001122020202100122
000210011111002220111
002100111110022201110
021001111100222011101
210011111002220111011
100111110022201110111
001111100222011101110
011111002220111011102
111110022201110111021
111100222011101110210
111002220111011102102
110022201110111021020
100222011101110210200
002220111011102102002
022201110111021020020
222011101110210200202
220111011102102002020
201110111021020020202
011101110210200202021
111011102102002020210
110111021020020202101
101110210200202021010
011102102002020210101

0221012100011210011011
2210121000112100110110
2101210001121001101101
1012100011210011011012
0121000112100110110121
1210001121001101101210
2100011210011011012101
1000112100110110121011
0001121001101101210112
0011210011011012101122
0112100110110121011220
1121001101101210112202
1210011011012101122020
2100110110121011220202
1001101101210112202020
0011011012101122020202
0110110121011220202021
1101101210112202020210
1011012101122020202100
0110121011220202021001
1101210112202020210012
1012101122020202100122
000210021111002220111
002100211110022201110
021002111100222011101
210021111002220111011
100211110022201110111
002111100222011101110
021111002220111011102
211110022201110111022
111100222011101110221
111002220111011102212
110022201110111022120
100222011101110221200
002220111011102212002
022201110111022120020
222011101110221200202
220111011102212002020
201110111022120020202
011101110221200202021
111011102212002020210
110111022120020202101
101110221200202021010
011102212002020210101

0221011100011220011011
2210111000112200110111
2101110001122001101111
1011100011220011011112
0111000112200110111121
1110001122001101111212
1100011220011011112121
1000112200110111121211
0001122001101111212112
0011220011011112121122
0112200110111121211220
1122001101111212112202
1220011011112121122020
2200110111121211220200
2001101111212112202001
0011011112121122020012
0110111121211220200121
1101111212112202001210
1011112121122020012100
0111121211220200121001
1111212112202001210012
1112121122020012100122
100210021111001220111
002100211110012201110
021002111100122011101
210021111001220111011
100211110012201110111
002111100122011101110
021111001220111011102
211110012201110111022
111100122011101110221
111001220111011102212
110012201110111022120
100122011101110221200
001220111011102212002
012201110111022120020
122011101110221200202
220111011102212002020
201110111022120020202
011101110221200202021
111011102212002020210
110111022120020202101
101110221200202021010
011102212002020210101

0211012100012220011011
2110121000122200110110
1101210001222001101101
1012100012220011011012
0121000122200110110121
1210001222001101101212
2100012220011011012121
1000122200110110121211
0001222001101101212112
0012220011011012121122
0122200110110121211220
1222001101101212112202
2220011011012121122020
2200110110121211220202
2001101101212112202021
0011011012121122020212
0110110121211220202121
1101101212112202021212
1011012121122020212120
0110121211220202121201
1101212112202021212012
1012121122020212120122
100210221211002220111
002102212110022201110
021022121100222011101
210221211002220111011
102212110022201110111
022121100222011101110
221211002220111011102
212110022201110111022
121100222011101110221
211002220111011102212
110022201110111022120
100222011101110221201
002220111011102212012
022201110111022120120
222011101110221201202
220111011102212012020
201110111022120120202
011101110221201202021
111011102212012020210
110111022120120202101
101110221201202021010
011102212012020210101

0211012100012220011011
2110121000122200110110
1101210001222001101101
1012100012220011011012
0121000122200110110121
1210001222001101101212
2100012220011011012121
1000122200110110121212
0001222001101101212122
0012220011011012121222
0122200110110121212220
1222001101101212122202
2220011011012121222020
2200110110121212220202
2001101101212122202021
0011011012121222020212
0110110121212220202121
1101101212122202021212
1011012121222020212120
0110121212220202121201
1101212122202021212012
1012121222020212120122
100210021210001020011
002100212100010200110
021002121000102001101
210021210001020011011
100212100010200110111
002121000102001101110
021210001020011011102
212100010200110111022
121000102001101110221
210001020011011102212
100010200110111022120
000102001101110221201
001020011011102212012
010200110111022120120
102001101110221201202
020011011102212012020
200110111022120120202
001101110221201202021
011011102212012020210
110111022120120202101
101110221201202021010
011102212012020210101

0221012100011210011011
2210121000112100110110
2101210001121001101101
1012100011210011011012
0121000112100110110121
1210001121001101101210
2100011210011011012101
1000112100110110121011
0001121001101101210112
0011210011011012101122
0112100110110121011220
1121001101101210112202
1210011011012101122020
2100110110121011220202
1001101101210112202020
0011011012101122020202
0110110121011220202021
1101101210112202020210
1011012101122020202100
0110121011220202021001
1101210112202020210012
1012101122020202100122
100210011111002220011
002100111110022200110
021001111100222001101
210011111002220011011
100111110022200110111
001111100222001101110
011111002220011011102
111110022200110111022
111100222001101110221
111002220011011102212
110022200110111022120
100222001101110221201
002220011011102212012
022200110111022120120
222001101110221201202
220011011102212012020
200110111022120120202
001101110221201202021
011011102212012020210
110111022120120202101
101110221201202021010
011102212012020210101

0221011100011210011011
2210111000112100110110
2101110001121001101101
1011100011210011011012
0111000112100110110121
1110001121001101101210
1100011210011011012101
1000112100110110121011
0001121001101101210112
0011210011011012101122
0112100110110121011220
1121001101101210112202
1210011011012101122020
2100110110121011220202
1001101101210112202020
0011011012101122020202
0110110121011220202021
1101101210112202020210
1011012101122020202100
0110121011220202021001
1101210112202020210012
1012101122020202100122
000210011111002220111
002100111110022201110
021001111100222011101
210011111002220111011
100111110022201110111
001111100222011101110
011111002220111011102
111110022201110111022
111100222011101110221
111002220111011102212
110022201110111022120
100222011101110221200
002220111011102212002
022201110111022120020
222011101110221200202
220111011102212002020
201110111022120020202
011101110221200202021
111011102212002020210
110111022120020202101
101110221200202021010
011102212002020210101

0211012100021220011011
2110121000212200110110
1101210002122001101101
1012100021220011011012
0121000212200110110121
1210002122001101101212
2100021220011011012121
1000212200110110121211
0002122001101101212112
0021220011011012121122
0212200110110121211220
2122001101101212112202
1220011011012121122020
2200110110121211220202
2001101101212112202021
0011011012121122020212
0110110121211220202121
1101101212112202021210
1011012121122020212100
0110121211220202121001
1101212112202021210012
1012121122020212100122
100210021210001220111
002100212100012201110
021002121000122011101
210021210001220111011
100212100012201110111
002121000122011101110
021210001220111011102
212100012201110111022
121000122011101110221
210001220111011102212
100012201110111022120
000122011101110221200
001220111011102212002
012201110111022120020
122011101110221200202
220111011102212002020
201110111022120020202
011101110221200202021
111011102212002020210
110111022120020202101
101110221200202021010
011102212002020210101

0211012100012220011021
2110121000122200110211
1101210001222001102111
1012100012220011021112
0121000122200110211121
1210001222001102111210
2100012220011021112101
1000122200110211121012
0001222001102111210122
0012220011021112101222
0122200110211121012220
1222001102111210122202
2220011021112101222020
2200110211121012220202
2001102111210122202020
0011021112101222020202
0110211121012220202021
1102111210122202020210
1021112101222020202100
0211121012220202021001
2111210122202020210012
1112101222020202100122
000210021210001020111
002100212100010201110
021002121000102011101
210021210001020111011
100212100010201110111
002121000102011101110
021210001020111011102
212100010201110111022
121000102011101110221
210001020111011102212
100010201110111022120
000102011101110221201
001020111011102212012
010201110111022120120
102011101110221201201
020111011102212012010
201110111022120120102
011101110221201201021
111011102212012010210
110111022120120102101
101110221201201021011
011102212012010210111

0221011100021210011011
2210111000212100110110
2101110002121001101101
1011100021210011011012
0111000212100110110121
1110002121001101101210
1100021210011011012101
1000212100110110121011
0002121001101101210112
0021210011011012101122
0212100110110121011220
2121001101101210112202
1210011011012101122020
2100110110121011220202
1001101101210112202020
0011011012101122020202
0110110121011220202021
1101101210112202020210
1011012101122020202100
0110121011220202021001
1101210112202020210012
1012101122020202100122
000210011111002220111
002100111110022201110
021001111100222011101
210011111002220111011
100111110022201110111
001111100222011101110
011111002220111011102
111110022201110111022
111100222011101110221
111002220111011102212
110022201110111022120
100222011101110221201
002220111011102212012
022201110111022120120
222011101110221201201
220111011102212012010
201110111022120120102
011101110221201201020
111011102212012010200
110111022120120102001
101110221201201020010
011102212012010200101

0221012100011220011021
2210121000112200110210
2101210001122001102101
1012100011220011021012
0121000112200110210121
1210001122001102101212
2100011220011021012121
1000112200110210121211
0001122001102101212112
0011220011021012121122
0112200110210121211220
1122001102101212112202
1220011021012121122020
2200110210121211220202
2001102101212112202021
0011021012121122020212
0110210121211220202121
1102101212112202021212
1021012121122020212120
0210121211220202121201
2101212112202021212012
1012121122020212120122
100210021210001020111
002100212100010201110
021002121000102011101
210021210001020111011
100212100010201110111
002121000102011101110
021210001020111011102
212100010201110111022
121000102011101110221
210001020111011102212
100010201110111022120
000102011101110221201
001020111011102212012
010201110111022120120
102011101110221201202
020111011102212012020
201110111022120120202
011101110221201202021
111011102212012020210
110111022120120202101
101110221201202021011
011102212012020210111

0221012100011210011011
2210121000112100110110
2101210001121001101101
1012100011210011011012
0121000112100110110121
1210001121001101101210
2100011210011011012101
1000112100110110121011
0001121001101101210112
0011210011011012101122
0112100110110121011220
1121001101101210112202
1210011011012101122020
2100110110121011220202
1001101101210112202020
0011011012101122020202
0110110121011220202021
1101101210112202020210
1011012101122020202100
0110121011220202021001
1101210112202020210012
1012101122020202100122
000210021111002220111
002100211110022201110
021002111100222011101
210021111002220111011
100211110022201110111
002111100222011101110
021111002220111011102
211110022201110111022
111100222011101110221
111002220111011102212
110022201110111022120
100222011101110221200
002220111011102212002
022201110111022120020
222011101110221200202
220111011102212002020
201110111022120020202
011101110221200202021
111011102212002020210
110111022120020202101
101110221200202021010
011102212002020210101

0211012100022220011011
2110121000222200110111
1101210002222001101111
1012100022220011011112
0121000222200110111121
1210002222001101111212
2100022220011011112121
1000222200110111121212
0002222001101111212122
0022220011011112121222
0222200110111121212220
2222001101111212122202
2220011011112121222020
2200110111121212220200
2001101111212122202001
0011011112121222020012
0110111121212220200121
1101111212122202001212
1011112121222020012120
0111121212220200121201
1111212122202001212012
1112121222020012120122
100210221210021020011
002102212100210200110
021022121002102001101
210221210021020011011
102212100210200110111
022121002102001101110
221210021020011011102
212100210200110111022
121002102001101110221
210021020011011102212
100210200110111022120
002102001101110221201
021020011011102212012
210200110111022120120
102001101110221201202
020011011102212012020
200110111022120120202
001101110221201202021
011011102212012020210
110111022120120202101
101110221201202021010
011102212012020210101

0211011100012220011011
2110111000122200110111
1101110001222001101111
1011100012220011011112
0111000122200110111121
1110001222001101111210
1100012220011011112101
1000122200110111121011
0001222001101111210112
0012220011011112101122
0122200110111121011220
1222001101111210112202
2220011011112101122020
2200110111121011220202
2001101111210112202021
0011011112101122020212
0110111121011220202121
1101111210112202021210
1011112101122020212100
0111121011220202121001
1111210112202021210012
1112101122020212100122
000210011210002220011
002100112100022200110
021001121000222001101
210011210002220011011
100112100022200110111
001121000222001101110
011210002220011011102
112100022200110111022
121000222001101110221
210002220011011102212
100022200110111022120
000222001101110221201
002220011011102212012
022200110111022120120
222001101110221201202
220011011102212012020
200110111022120120202
001101110221201202021
011011102212012020210
110111022120120202101
101110221201202021010
011102212012020210101

0221011100011210011011
2210111000112100110110
2101110001121001101101
1011100011210011011012
0111000112100110110121
1110001121001101101210
1100011210011011012101
1000112100110110121011
0001121001101101210112
0011210011011012101122
0112100110110121011220
1121001101101210112202
1210011011012101122020
2100110110121011220202
1001101101210112202020
0011011012101122020202
0110110121011220202021
1101101210112202020210
1011012101122020202100
0110121011220202021001
1101210112202020210012
1012101122020202100122
000210011111002220111
002100111110022201110
021001111100222011101
210011111002220111011
100111110022201110111
001111100222011101110
011111002220111011102
111110022201110111022
111100222011101110221
111002220111011102212
110022201110111022120
100222011101110221200
002220111011102212002
022201110111022120020
222011101110221200202
220111011102212002020
201110111022120020202
011101110221200202021
111011102212002020210
110111022120020202101
101110221200202021010
011102212002020210101

0221012100012220011021
2210121000122200110210
2101210001222001102101
1012100012220011021012
0121000122200110210122
1210001222001102101222
2100012220011021012221
1000122200110210122211
0001222001102101222112
0012220011021012221122
0122200110210122211220
1222001102101222112202
2220011021012221122020
2200110210122211220202
2001102101222112202021
0011021012221122020212
0110210122211220202121
1102101222112202021210
1021012221122020212100
0210122211220202121001
2101222112202021210012
1012221122020212100122
100210221210002220111
002102212100022201110
021022121000222011101
210221210002220111011
102212100022201110111
022121000222011101110
221210002220111011102
212100022201110111021
121000222011101110211
210002220111011102112
100022201110111021120
000222011101110211201
002220111011102112012
022201110111021120120
222011101110211201201
220111011102112012011
201110111021120120112
011101110211201201120
111011102112012011200
110111021120120112001
101110211201201120010
011102112012011200101

0221012100011210011011
2210121000112100110110
2101210001121001101101
1012100011210011011012
0121000112100110110121
1210001121001101101210
2100011210011011012101
1000112100110110121011
0001121001101101210112
0011210011011012101122
0112100110110121011220
1121001101101210112202
1210011011012101122020
2100110110121011220202
1001101101210112202020
0011011012101122020202
0110110121011220202021
1101101210112202020210
1011012101122020202100
0110121011220202021001
1101210112202020210012
1012101122020202100122
100210021211001220111
002100212110012201110
021002121100122011101
210021211001220111011
100212110012201110111
002121100122011101110
021211001220111011102
212110012201110111022
121100122011101110221
211001220111011102212
110012201110111022120
100122011101110221200
001220111011102212002
012201110111022120020
122011101110221200202
220111011102212002020
201110111022120020202
011101110221200202021
111011102212002020210
110111022120020202101
101110221200202021010
011102212002020210101

0211012100021220011011
2110121000212200110110
1101210002122001101101
1012100021220011011012
0121000212200110110121
1210002122001101101212
2100021220011011012121
1000212200110110121211
0002122001101101212112
0021220011011012121122
0212200110110121211220
2122001101101212112202
1220011011012121122020
2200110110121211220202
2001101101212112202021
0011011012121122020212
0110110121211220202121
1101101212112202021210
1011012121122020212100
0110121211220202121001
1101212112202021210012
1012121122020212100122
100210021210001220111
002100212100012201110
021002121000122011101
210021210001220111011
100212100012201110111
002121000122011101110
021210001220111011102
212100012201110111022
121000122011101110221
210001220111011102212
100012201110111022120
000122011101110221200
001220111011102212002
012201110111022120020
122011101110221200202
220111011102212002020
201110111022120020202
011101110221200202021
111011102212002020210
110111022120020202101
101110221200202021010
011102212002020210101

0221012100011220011011
2210121000112200110110
2101210001122001101101
1012100011220011011012
0121000112200110110121
1210001122001101101210
2100011220011011012101
1000112200110110121011
0001122001101101210112
0011220011011012101122
0112200110110121011220
1122001101101210112202
1220011011012101122020
2200110110121011220202
2001101101210112202021
0011011012101122020212
0110110121011220202121
1101101210112202021210
1011012101122020212100
0110121011220202121001
1101210112202021210012
1012101122020212100122
100210221111001220011
002102211110012200110
021022111100122001101
210221111001220011011
102211110012200110111
022111100122001101110
221111001220011011102
211110012200110111021
111100122001101110211
111001220011011102112
110012200110111021120
100122001101110211200
001220011011102112002
012200110111021120020
122001101110211200202
220011011102112002020
200110111021120020202
001101110211200202021
011011102112002020210
110111021120020202101
101110211200202021011
011102112002020210111

0211012100022220011011
2110121000222200110110
1101210002222001101101
1012100022220011011012
0121000222200110110122
1210002222001101101222
2100022220011011012221
1000222200110110122211
0002222001101101222112
0022220011011012221122
0222200110110122211220
2222001101101222112202
2220011011012221122020
2200110110122211220202
2001101101222112202021
0011011012221122020212
0110110122211220202121
1101101222112202021210
1011012221122020212100
0110122211220202121001
1101222112202021210012
1012221122020212100122
000210021110002220111
002100211100022201110
021002111000222011101
210021110002220111011
100211100022201110111
002111000222011101110
021110002220111011102
211100022201110111022
111000222011101110221
110002220111011102212
100022201110111022120
000222011101110221201
002220111011102212012
022201110111022120120
222011101110221201202
220111011102212012020
201110111022120120202
011101110221201202021
111011102212012020210
110111022120120202101
101110221201202021010
011102212012020210101

0211012100021220011011
2110121000212200110110
1101210002122001101101
1012100021220011011012
0121000212200110110121
1210002122001101101212
2100021220011011012121
1000212200110110121211
0002122001101101212112
0021220011011012121122
0212200110110121211220
2122001101101212112202
1220011011012121122020
2200110110121211220202
2001101101212112202021
0011011012121122020212
0110110121211220202121
1101101212112202021210
1011012121122020212100
0110121211220202121001
1101212112202021210012
1012121122020212100122
100210021210001220011
002100212100012200110
021002121000122001101
210021210001220011011
100212100012200110111
002121000122001101110
021210001220011011102
212100012200110111022
121000122001101110221
210001220011011102212
100012200110111022120
000122001101110221200
001220011011102212002
012200110111022120020
122001101110221200202
220011011102212002020
200110111022120020202
001101110221200202021
011011102212002020210
110111022120020202101
101110221200202021010
011102212002020210101

0211012100012220011021
2110121000122200110211
1101210001222001102111
1012100012220011021112
0121000122200110211121
1210001222001102111212
2100012220011021112121
1000122200110211121212
0001222001102111212122
0012220011021112121222
0122200110211121212220
1222001102111212122202
2220011021112121222020
2200110211121212220202
2001102111212122202021
0011021112121222020212
0110211121212220202121
1102111212122202021210
1021112121222020212100
0211121212220202121001
2111212122202021210012
1112121222020212100122
000210021210001020111
002100212100010201110
021002121000102011101
210021210001020111011
100212100010201110111
002121000102011101110
021210001020111011102
212100010201110111022
121000102011101110221
210001020111011102212
100010201110111022120
000102011101110221201
001020111011102212012
010201110111022120120
102011101110221201201
020111011102212012010
201110111022120120102
011101110221201201021
111011102212012010210
110111022120120102101
101110221201201021010
011102212012010210101

0211012100022220011011
2110121000222200110110
1101210002222001101101
1012100022220011011012
0121000222200110110122
1210002222001101101222
2100022220011011012221
1000222200110110122211
0002222001101101222112
0022220011011012221122
0222200110110122211220
2222001101101222112202
2220011011012221122020
2200110110122211220202
2001101101222112202021
0011011012221122020212
0110110122211220202121
1101101222112202021210
1011012221122020212100
0110122211220202121001
1101222112202021210012
1012221122020212100122
100210021110001220111
002100211100012201110
021002111000122011101
210021110001220111011
100211100012201110111
002111000122011101110
021110001220111011102
211100012201110111022
111000122011101110221
110001220111011102212
100012201110111022120
000122011101110221201
001220111011102212012
012201110111022120120
122011101110221201202
220111011102212012020
201110111022120120202
011101110221201202021
111011102212012020210
110111022120120202101
101110221201202021010
011102212012020210101

