Generation 251:
12210222112021102210
22102221120211022100
21022211202110221000
10222112021102210002
02221120211022100020
22211202110221000200
22112021102210002001
21120211022100020011
11202110221000200112
12021102210002001120
20211022100020011201
02110221000200112012
21102210002001120121
11022100020011201212
10221000200112012120
02210002001120121201
22100020011201212011
21000200112012120112
10002001120121201122
00020011201212011222
0200012110220212121
2000121102202121211
0001211022021212110
0012110220212121101
0121102202121211010
1211022021212110100
2110220212121101002
1102202121211010022
1022021212110100222
0220212121101002222
2202121211010022221
2021212110100222211
0212121101002222112
2121211010022221122
1212110100222211222
2121101002222112220
1211010022221122202
2110100222211222021
1101002222112220210
1010022221122202101

12210222112001122210
22102221120011222100
21022211200112221000
10222112001122210002
02221120011222100020
22211200112221000200
22112001122210002001
21120011222100020011
11200112221000200112
12001122210002001120
20011222100020011201
00112221000200112012
01122210002001120121
11222100020011201212
12221000200112012120
22210002001120121201
22100020011201212011
21000200112012120112
10002001120121201122
00020011201212011222
0200012111220212121
2000121112202121211
0001211122021212110
0012111220212121101
0121112202121211012
1211122021212110121
2111220212121101212
1112202121211012122
1122021212110121222
1220212121101212222
2202121211012122221
2021212110121222211
0212121101212222112
2121211012122221122
1212110121222211222
2121101212222112221
1211012122221122212
2110121222211222121
1101212222112221210
1012122221122212101

12220222202021122210
22202222020211222100
22022220202112221000
20222202021122210002
02222020211222100020
22220202112221000200
22202021122210002001
22020211222100020011
20202112221000200112
02021122210002001120
20211222100020011201
02112221000200112012
21122210002001120121
11222100020011201212
12221000200112012120
22210002001120121201
22100020011201212011
21000200112012120112
10002001120121201122
00020011201212011222
0200012110210202121
2000121102102021211
0001211021020212110
0012110210202121101
0121102102021211010
1211021020212110101
2110210202121101012
1102102021211010122
1021020212110101222
0210202121101012222
2102021211010122221
1020212110101222211
0202121101012222112
2021211010122221122
0212110101222211222
2121101012222112220
1211010122221122202
2110101222211222021
1101012222112220210
1010122221122202101

01210120122000002110
12101201220000021102
21012012200000211021
10120122000002110212
01201220000021102122
12012200000211021220
20122000002110212202
01220000021102122021
12200000211021220212
22000002110212202120
20000021102122021201
00000211021220212012
00002110212202120121
00021102122021201210
00211021220212012100
02110212202120121000
21102122021201210001
11021220212012100012
10212202120121000121
02122021201210001211
2020011002022212222
0200110020222122221
2001100202221222210
0011002022212222101
0110020222122221012
1100202221222210120
1002022212222101200
0020222122221012002
0202221222210120022
2022212222101200221
0222122221012002212
2221222210120022121
2212222101200221211
2122221012002212111
1222210120022121111
2222101200221211110
2221012002212111102
2210120022121111021
2101200221211110210
1012002212111102101

12220222112021122210
22202221120211222100
22022211202112221000
20222112021122210002
02221120211222100020
22211202112221000200
22112021122210002002
21120211222100020021
11202112221000200212
12021122210002002120
20211222100020021201
02112221000200212012
21122210002002120121
11222100020021201212
12221000200212012120
22210002002120121201
22100020021201212011
21000200212012120112
10002002120121201122
00020021201212011222
0201012110220212121
2010121102202121211
0101211022021212110
1012110220212121101
0121102202121211012
1211022021212110121
2110220212121101212
1102202121211012122
1022021212110121222
0220212121101212222
2202121211012122220
2021212110121222201
0212121101212222012
2121211012122220122
1212110121222201222
2121101212222012220
1211012122220122201
2110121222201222011
1101212222012220110
1012122220122201101

22220100221020102212
22201002210201022120
22010022102010221201
20100221020102212012
01002210201022120120
10022102010221201200
00221020102212012002
02210201022120120021
22102010221201200212
21020102212012002120
10201022120120021201
02010221201200212012
20102212012002120121
01022120120021201212
10221201200212012120
02212012002120121201
22120120021201212011
21201200212012120112
12012002120121201122
20120021201212011221
2102010011212202221
1020100112122022211
0201001121220222111
2010011212202221111
0100112122022211110
1001121220222111101
0011212202221111012
0112122022211110122
1121220222111101222
1212202221111012221
2122022211110122212
1220222111101222122
2202221111012221222
2022211110122212221
0222111101222122212
2221111012221222120
2211110122212221202
2111101222122212021
1111012221222120210
1110122212221202102

12220202222021102210
22202022220211022100
22020222202110221000
20202222021102210002
02022220211022100020
20222202110221000200
02222021102210002001
22220211022100020011
22202110221000200112
22021102210002001120
20211022100020011201
02110221000200112012
21102210002001120121
11022100020011201212
10221000200112012120
02210002001120121201
22100020011201212011
21000200112012120112
10002001120121201122
00020011201212011222
2202012110010200122
2020121100102001221
0201211001020012212
2012110010200122121
0121100102001221210
1211001020012212100
2110010200122121001
1100102001221210012
1001020012212100122
0010200122121001222
0102001221210012222
1020012212100122221
0200122121001222212
2001221210012222121
0012212100122221212
0122121001222212120
1221210012222121202
2212100122221212020
2121001222212120200
1210012222121202001

12220102102021102210
22201021020211022102
22010210202110221020
20102102021102210202
01021020211022102020
10210202110221020200
02102021102210202001
21020211022102020011
10202110221020200112
02021102210202001120
20211022102020011201
02110221020200112012
21102210202001120121
11022102020011201212
10221020200112012120
02210202001120121201
22102020011201212011
21020200112012120112
10202001120121201122
02020011201212011222
0100012111220210121
1000121112202101211
0001211122021012110
0012111220210121101
0121112202101211012
1211122021012110120
2111220210121101202
1112202101211012022
1122021012110120221
1220210121101202212
2202101211012022121
2021012110120221212
0210121101202212122
2101211012022121222
1012110120221212222
0121101202212122220
1211012022121222201
2110120221212222011
1101202212122220110
1012022121222201102

12210222122021122210
22102221220211222100
21022212202112221000
10222122021122210002
02221220211222100020
22212202112221000200
22122021122210002001
21220211222100020011
12202112221000200112
22021122210002001120
20211222100020011201
02112221000200112012
21122210002001120121
11222100020011201212
12221000200112012120
22210002001120121201
22100020011201212011
21000200112012120112
10002001120121201122
00020011201212011222
0200010010220212121
2000100102202121211
0001001022021212110
0010010220212121101
0100102202121211010
1001022021212110101
0010220212121101012
0102202121211010122
1022021212110101222
0220212121101012221
2202121211010122211
2021212110101222112
0212121101012221122
2121211010122211222
1212110101222112222
2121101012221122220
1211010122211222202
2110101222112222020
1101012221122220200
1010122211222202001

02100221002111102100
21002210021111021002
10022100211110210021
00221002111102100212
02210021111021002122
22100211110210021220
21002111102100212200
10021111021002122001
00211110210021220012
02111102100212200120
21111021002122001201
11110210021220012012
11102100212200120121
11021002122001201210
10210021220012012102
02100212200120121020
21002122001201210202
10021220012012102022
00212200120121020221
02122001201210202212
0000112002020101121
0001120020201011210
0011200202010112100
0112002020101121001
1120020201011210012
1200202010112100120
2002020101121001202
0020201011210012022
0202010112100120221
2020101121001202212
0201011210012022121
2010112100120221211
0101121001202212112
1011210012022121121
0112100120221211212
1121001202212112121
1210012022121121210
2100120221211212100
1001202212112121000
0012022121121210002

22210120122001022210
22101201220010222102
21012012200102221021
10120122001022210212
01201220010222102122
12012200102221021220
20122001022210212202
01220010222102122021
12200102221021220212
22001022210212202120
20010222102122021201
00102221021220212010
01022210212202120101
10222102122021201010
02221021220212010100
22210212202120101002
22102122021201010021
21021220212010100212
10212202120101002122
02122021201010021221
2220011011222210122
2200110112222101221
2001101122221012211
0011011222210122112
0110112222101221120
1101122221012211200
1011222210122112000
0112222101221120002
1122221012211200022
1222210122112000221
2222101221120002212
2221012211200022121
2210122112000221212
2101221120002212121
1012211200022121211
0122112000221212110
1221120002212121102
2211200022121211020
2112000221212110200
1120002212121102001

12220120102021102210
22201201020211022100
22012010202110221000
20120102021102210002
01201020211022100020
12010202110221000200
20102021102210002002
01020211022100020021
10202110221000200211
02021102210002002110
20211022100020021101
02110221000200211012
21102210002002110121
11022100020021101212
10221000200211012120
02210002002110121201
22100020021101212011
21000200211012120112
10002002110121201122
00020021101212011222
2100012110211212121
1000121102112121211
0001211021121212110
0012110211212121101
0121102112121211010
1211021121212110100
2110211212121101001
1102112121211010012
1021121212110100122
0211212121101001221
2112121211010012211
1121212110100122111
1212121101001221112
2121211010012211121
1212110100122111212
2121101001221112120
1211010012211121202
2110100122111212021
1101001221112120210
1010012211121202101

12220222102021102210
22202221020211022100
22022210202110221000
20222102021102210002
02221020211022100020
22210202110221000200
22102021102210002001
21020211022100020011
10202110221000200112
02021102210002001120
20211022100020011201
02110221000200112012
21102210002001120121
11022100020011201212
10221000200112012120
02210002001120121201
22100020011201212011
21000200112012120112
10002001120121201122
00020011201212011222
0200010111010202221
2000101110102022211
0001011101020222110
0010111010202221101
0101110102022211010
1011101020222110100
0111010202221101001
1110102022211010012
1101020222110100122
1010202221101001222
0102022211010012222
1020222110100122221
0202221101001222212
2022211010012222122
0222110100122221222
2221101001222212220
2211010012222122201
2110100122221222011
1101001222212220110
1010012222122201101

12120122102020102210
21201221020201022102
12012210202010221021
20122102020102210212
01221020201022102120
12210202010221021200
22102020102210212001
21020201022102120011
10202010221021200112
02020102210212001120
20201022102120011201
02010221021200112012
20102210212001120121
01022102120011201212
10221021200112012120
02210212001120121201
22102120011201212011
21021200112012120112
10212001120121201122
02120011201212011222
0000012010220212121
0000120102202121211
0001201022021212110
0012010220212121101
0120102202121211012
1201022021212110120
2010220212121101201
0102202121211012012
1022021212110120122
0220212121101201222
2202121211012012221
2021212110120122211
0212121101201222112
2121211012012221121
1212110120122211212
2121101201222112120
1211012012221121201
2110120122211212011
1101201222112120112
1012012221121201121

12220122102021122210
22201221020211222100
22012210202112221000
20122102021122210002
01221020211222100020
12210202112221000200
22102021122210002001
21020211222100020011
10202112221000200112
02021122210002001120
20211222100020011201
02112221000200112012
21122210002001120121
11222100020011201212
12221000200112012120
22210002001120121201
22100020011201212011
21000200112012120112
10002001120121201122
00020011201212011222
0200012110220212121
2000121102202121211
0001211022021212110
0012110220212121101
0121102202121211010
1211022021212110101
2110220212121101011
1102202121211010112
1022021212110101122
0220212121101011222
2202121211010112221
2021212110101122211
0212121101011222112
2121211010112221122
1212110101122211222
2121101011222112220
1211010112221122201
2110101122211222011
1101011222112220110
1010112221122201101

12220122102021102210
22201221020211022100
22012210202110221000
20122102021102210002
01221020211022100020
12210202110221000200
22102021102210002001
21020211022100020011
10202110221000200112
02021102210002001120
20211022100020011201
02110221000200112012
21102210002001120121
11022100020011201212
10221000200112012120
02210002001120121201
22100020011201212011
21000200112012120112
10002001120121201122
00020011201212011222
0200012110220212121
2000121102202121211
0001211022021212110
0012110220212121101
0121102202121211010
1211022021212110100
2110220212121101001
1102202121211010012
1022021212110100122
0220212121101001222
2202121211010012221
2021212110100122211
0212121101001222112
2121211010012221122
1212110100122211222
2121101001222112220
1211010012221122201
2110100122211222011
1101001222112220110
1010012221122201101

00200202000020110120
02002020000201101202
20020200002011012020
00202000020110120202
02020000201101202021
20200002011012020212
02000020110120202122
20000201101202021222
00002011012020212221
00020110120202122210
00201101202021222101
02011012020212221012
20110120202122210121
01101202021222101212
11012020212221012120
10120202122210121202
01202021222101212021
12020212221012120210
20202122210121202101
02021222101212021012
2100012210220210121
1000122102202101212
0001221022021012122
0012210220210121221
0122102202101212210
1221022021012122101
2210220210121221012
2102202101212210122
1022021012122101221
0220210121221012212
2202101212210122120
2021012122101221202
0210121221012212022
2101212210122120222
1012122101221202222
0121221012212022220
1212210122120222202
2122101221202222022
1221012212022220220
2210122120222202202

12210202112021102210
22102021120211022100
21020211202110221000
10202112021102210002
02021120211022100020
20211202110221000200
02112021102210002001
21120211022100020011
11202110221000200112
12021102210002001120
20211022100020011201
02110221000200112012
21102210002001120121
11022100020011201212
10221000200112012120
02210002001120121201
22100020011201212011
21000200112012120112
10002001120121201122
00020011201212011222
0200012110220212121
2000121102202121211
0001211022021212112
0012110220212121121
0121102202121211210
1211022021212112100
2110220212121121001
1102202121211210012
1022021212112100122
0220212121121001222
2202121211210012222
2021212112100122221
0212121121001222212
2121211210012222122
1212112100122221222
2121121001222212220
1211210012222122202
2112100122221222021
1121001222212220210
1210012222122202101

21100211002111101100
11002110021111011002
10021100211110110021
00211002111101100210
02110021111011002102
21100211110110021020
11002111101100210200
10021111011002102001
00211110110021020012
02111101100210200122
21111011002102001221
11110110021020012210
11101100210200122101
11011002102001221010
10110021020012210102
01100210200122101022
11002102001221010222
10021020012210102222
00210200122101022222
02102001221010222222
2200112011221101121
2001120112211011210
0011201122110112101
0112011221101121012
1120112211011210122
1201122110112101220
2011221101121012202
0112211011210122022
1122110112101220221
1221101121012202212
2211011210122022122
2110112101220221221
1101121012202212212
1011210122022122121
0112101220221221212
1121012202212212121
1210122022122121210
2101220221221212100
1012202212212121002
0122022122121210022

21211200111001122110
12112001110011221102
21120011100112211021
11200111001122110210
12001110011221102102
20011100112211021020
00111001122110210201
01110011221102102011
11100112211021020112
11001122110210201120
10011221102102011201
00112211021020112012
01122110210201120121
11221102102011201210
12211021020112012100
22110210201120121001
21102102011201210011
11021020112012100112
10210201120121001122
02102011201210011222
0200012000222222121
2000120002222221212
0001200022222212122
0012000222222121221
0120002222221212210
1200022222212122100
2000222222121221001
0002222221212210012
0022222212122100122
0222222121221001222
2222221212210012221
2222212122100122211
2222121221001222112
2221212210012221122
2212122100122211221
2121221001222112211
1212210012221122112
2122100122211221121
1221001222112211210
2210012221122112101

12010200201021102212
20102002010211022122
01020020102110221221
10200201021102212210
02002010211022122100
20020102110221221002
00201021102212210022
02010211022122100221
20102110221221002211
01021102212210022110
10211022122100221101
02110221221002211012
21102212210022110121
11022122100221101212
10221221002211012120
02212210022110121202
22122100221101212021
21221002211012120212
12210022110121202122
22100221101212021222
0100010010211002221
1000100102110022211
0001001021100222111
0010010211002221111
0100102110022211110
1001021100222111100
0010211002221111002
0102110022211110022
1021100222111100222
0211002221111002221
2110022211110022212
1100222111100222121
1002221111002221212
0022211110022212122
0222111100222121222
2221111002221212220
2211110022212122202
2111100222121222021
1111002221212220210
1110022212122202101

00200222000000110120
02002220000001101200
20022200000011012000
00222000000110120002
02220000001101200021
22200000011012000212
22000000110120002122
20000001101200021222
00000011012000212221
00000110120002122210
00001101200021222101
00011012000212221012
00110120002122210121
01101200021222101212
11012000212221012120
10120002122210121202
01200021222101212021
12000212221012120210
20002122210121202101
00021222101212021012
2200012210220212121
2000122102202121212
0001221022021212122
0012210220212121221
0122102202121212210
1221022021212122101
2210220212121221011
2102202121212210112
1022021212122101122
0220212121221011222
2202121212210112220
2021212122101122201
0212121221011222012
2121212210112220122
1212122101122201222
2121221011222012221
1212210112220122212
2122101122201222122
1221011222012221220
2210112220122212201

12010200211021102212
20102002110211022120
01020021102110221201
10200211021102212010
02002110211022120100
20021102110221201002
00211021102212010022
02110211022120100221
21102110221201002212
11021102212010022120
10211022120100221201
02110221201002212012
21102212010022120121
11022120100221201212
10221201002212012120
02212010022120121201
22120100221201212011
21201002212012120112
12010022120121201122
20100221201212011222
0102012101011000221
1020121010110002211
0201210101100022111
2012101011000221111
0121010110002211110
1210101100022111101
2101011000221111012
1010110002211110122
0101100022111101222
1011000221111012222
0110002211110122222
1100022111101222221
1000221111012222212
0002211110122222121
0022111101222221212
0221111012222212120
2211110122222121202
2111101222221212021
1111012222212120210
1110122222121202102

11210212112020121210
12102121120201212100
21021211202012121000
10212112020121210000
02121120201212100000
21211202012121000000
12112020121210000001
21120201212100000011
11202012121000000112
12020121210000001122
20201212100000011221
02012121000000112212
20121210000001122121
01212100000011221212
12121000000112212120
21210000001122121201
12100000011221212011
21000000112212120112
10000001122121201122
00000011221212011222
2200012110221212121
2000121102212121211
0001211022121212110
0012110221212121101
0121102212121211010
1211022121212110101
2110221212121101012
1102212121211010122
1022121212110101222
0221212121101012222
2212121211010122222
2121212110101222221
1212121101012222212
2121211010122222122
1212110101222221222
2121101012222212220
1211010122222122202
2110101222221222021
1101012222212220212
1010122222122202121

11210222112021102110
12102221120211021100
21022211202110211000
10222112021102110002
02221120211021100020
22211202110211000200
22112021102110002001
21120211021100020011
11202110211000200112
12021102110002001120
20211021100020011201
02110211000200112012
21102110002001120121
11021100020011201212
10211000200112012120
02110002001120121201
21100020011201212012
11000200112012120121
10002001120121201212
00020011201212012122
0201012110220212221
2010121102202122211
0101211022021222110
1012110220212221101
0121102202122211012
1211022021222110121
2110220212221101212
1102202122211012122
1022021222110121222
0220212221101212222
2202122211012122221
2021222110121222211
0212221101212222112
2122211012122221122
1222110121222211222
2221101212222112220
2211012122221122202
2110121222211222021
1101212222112220210
1012122221122202101

12010202221021102212
20102022210211022122
01020222102110221221
10202221021102212210
02022210211022122100
20222102110221221002
02221021102212210021
22210211022122100211
22102110221221002112
21021102212210021120
10211022122100211201
02110221221002112012
21102212210021120121
11022122100211201212
10221221002112012120
02212210021120121202
22122100211201212021
21221002112012120210
12210021120121202102
22100211201212021022
0202010010020000222
2020100100200002221
0201001002000022211
2010010020000222111
0100100200002221110
1001002000022211100
0010020000222111002
0100200002221110022
1002000022211100222
0020000222111002222
0200002221110022222
2000022211100222221
0000222111002222212
0002221110022222122
0022211100222221222
0222111002222212220
2221110022222122201
2211100222221222010
2111002222212220100
1110022222122201001

12220122202021102210
22201222020211022100
22012220202110221000
20122202021102210002
01222020211022100020
12220202110221000200
22202021102210002001
22020211022100020011
20202110221000200112
02021102210002001120
20211022100020011201
02110221000200112012
21102210002001120121
11022100020011201212
10221000200112012120
02210002001120121201
22100020011201212011
21000200112012120112
10002001120121201122
00020011201212011222
0200012110220212121
2000121102202121211
0001211022021212110
0012110220212121101
0121102202121211010
1211022021212110100
2110220212121101001
1102202121211010012
1022021212110100122
0220212121101001222
2202121211010012221
2021212110100122211
0212121101001222112
2121211010012221122
1212110100122211222
2121101001222112220
1211010012221122201
2110100122211222011
1101001222112220110
1010012221122201101

01200212002011101100
12002120020111011000
20021200201110110000
00212002011101100002
02120020111011000022
21200201110110000220
12002011101100002201
20020111011000022011
00201110110000220112
02011101100002201122
20111011000022011221
01110110000220112212
11101100002201122121
11011000022011221210
10110000220112212102
01100002201122121020
11000022011221210201
10000220112212102012
00002201122121020121
00022011221210201212
2200112102020201121
2001121020202011211
0011210202020112110
0112102020201121101
1121020202011211010
1210202020112110100
2102020201121101002
1020202011211010022
0202020112110100221
2020201121101002212
0202011211010022122
2020112110100221221
0201121101002212212
2011211010022122122
0112110100221221222
1121101002212212221
1211010022122122210
2110100221221222101
1101002212212221010
1010022122122210102

12210202201021102212
22102022010211022122
21020220102110221221
10202201021102212210
02022010211022122101
20220102110221221012
02201021102212210122
22010211022122101221
20102110221221012211
01021102212210122110
10211022122101221101
02110221221012211012
21102212210122110121
11022122101221101212
10221221012211012120
02212210122110121202
22122101221101212021
21221012211012120212
12210122110121202122
22101221101212021222
2102010010010001122
1020100100100011221
0201001001000112211
2010010010001122111
0100100100011221110
1001001000112211100
0010010001122111002
0100100011221110022
1001000112211100222
0010001122111002221
0100011221110022211
1000112211100222111
0001122111002221112
0011221110022211121
0112211100222111212
1122111002221112120
1221110022211121202
2211100222111212021
2111002221112120210
1110022211121202101

12220202202021102210
22202022020211022100
22020220202110221000
20202202021102210002
02022020211022100020
20220202110221000200
02202021102210002002
22020211022100020021
20202110221000200212
02021102210002002120
20211022100020021201
02110221000200212012
21102210002002120121
11022100020021201212
10221000200212012120
02210002002120121201
22100020021201212011
21000200212012120112
10002002120121201122
00020021201212011222
2202010010210202121
2020100102102021211
0201001021020212112
2010010210202121121
0100102102021211210
1001021020212112100
0010210202121121001
0102102021211210012
1021020212112100122
0210202121121001222
2102021211210012222
1020212112100122221
0202121121001222212
2021211210012222122
0212112100122221222
2121121001222212220
1211210012222122202
2112100122221222021
1121001222212220210
1210012222122202101

12210222112021122210
22102221120211222100
21022211202112221000
10222112021122210002
02221120211222100020
22211202112221000200
22112021122210002001
21120211222100020011
11202112221000200112
12021122210002001120
20211222100020011201
02112221000200112012
21122210002001120121
11222100020011201212
12221000200112012120
22210002001120121201
22100020011201212011
21000200112012120112
10002001120121201122
00020011201212011222
0200012110220212121
2000121102202121211
0001211022021212110
0012110220212121101
0121102202121211010
1211022021212110101
2110220212121101012
1102202121211010122
1022021212110101222
0220212121101012222
2202121211010122221
2021212110101222211
0212121101012222112
2121211010122221122
1212110101222211222
2121101012222112220
1211010122221122202
2110101222211222021
1101012222112220210
1010122221122202101

21221202112001122210
12212021120011222100
22120211200112221001
21202112001122210010
12021120011222100100
20211200112221001000
02112001122210010002
21120011222100100021
11200112221001000212
12001122210010002120
20011222100100021201
00112221001000212012
01122210010002120121
11222100100021201210
12221001000212012100
22210010002120121001
22100100021201210011
21001000212012100112
10010002120121001122
00100021201210011222
0200012001222212121
2000120012222121211
0001200122221212112
0012001222212121121
0120012222121211212
1200122221212112120
2001222212121121201
0012222121211212012
0122221212112120122
1222212121121201221
2222121211212012210
2221212112120122101
2212121121201221012
2121211212012210122
1212112120122101221
2121121201221012210
1211212012210122101
2112120122101221011
1121201221012210110
1212012210122101101

12000120122020102110
20001201220201021100
00012012202010211000
00120122020102110002
01201220201021100020
12012202010211000202
20122020102110002021
01220201021100020211
12202010211000202112
22020102110002021120
20201021100020211201
02010211000202112012
20102110002021120121
01021100020211201212
10211000202112012120
02110002021120121201
21100020211201212011
11000202112012120110
10002021120121201102
00020211201212011022
2100012110221210221
1000121102212102211
0001211022121022110
0012110221210221101
0121102212102211010
1211022121022110100
2110221210221101002
1102212102211010022
1022121022110100222
0221210221101002222
2212102211010022222
2121022110100222221
1210221101002222212
2102211010022222122
1022110100222221222
0221101002222212220
2211010022222122201
2110100222221222010
1101002222212220100
1010022222122201001

22220100221020102212
22201002210201022120
22010022102010221201
20100221020102212012
01002210201022120120
10022102010221201200
00221020102212012001
02210201022120120011
22102010221201200112
21020102212012001120
10201022120120011201
02010221201200112012
20102212012001120121
01022120120011201212
10221201200112012120
02212012001120121201
22120120011201212011
21201200112012120112
12012001120121201122
20120011201212011221
0100012111212202221
1000121112122022211
0001211121220222111
0012111212202221111
0121112122022211110
1211121220222111101
2111212202221111012
1112122022211110122
1121220222111101222
1212202221111012221
2122022211110122212
1220222111101222122
2202221111012221222
2022211110122212221
0222111101222122212
2221111012221222120
2211110122212221202
2111101222122212021
1111012221222120210
1110122212221202102

12210222112021122210
22102221120211222100
21022211202112221000
10222112021122210002
02221120211222100020
22211202112221000200
22112021122210002001
21120211222100020011
11202112221000200112
12021122210002001120
20211222100020011201
02112221000200112012
21122210002001120121
11222100020011201212
12221000200112012120
22210002001120121201
22100020011201212011
21000200112012120112
10002001120121201122
00020011201212011222
0200012110220212121
2000121102202121211
0001211022021212110
0012110220212121101
0121102202121211010
1211022021212110101
2110220212121101012
1102202121211010122
1022021212110101222
0220212121101012222
2202121211010122221
2021212110101222211
0212121101012222112
2121211010122221122
1212110101222211222
2121101012222112220
1211010122221122202
2110101222211222021
1101012222112220210
1010122221122202101

21210120122001002110
12101201220010021102
21012012200100211021
10120122001002110212
01201220010021102122
12012200100211021220
20122001002110212202
01220010021102122021
12200100211021220212
22001002110212202120
20010021102122021201
00100211021220212010
01002110212202120101
10021102122021201010
00211021220212010100
02110212202120101002
21102122021201010021
11021220212010100212
10212202120101002122
02122021201010021221
2220011011222212222
2200110112222122221
2001101122221222211
0011011222212222112
0110112222122221122
1101122221222211220
1011222212222112200
0112222122221122002
1122221222211220022
1222212222112200221
2222122221122002212
2221222211220022121
2212222112200221211
2122221122002212111
1222211220022121111
2222112200221211110
2221122002212111102
2211220022121111021
2112200221211110210
1122002212111102101

12221100101021102210
22211001010211022100
22110010102110221000
21100101021102210002
11001010211022100020
10010102110221000200
00101021102210002001
01010211022100020011
10102110221000200112
01021102210002001120
10211022100020011201
02110221000200112012
21102210002001120121
11022100020011201210
10221000200112012100
02210002001120121001
22100020011201210011
21000200112012100112
10002001120121001122
00020011201210011222
0200012110220222121
2000121102202221211
0001211022022212112
0012110220222121121
0121102202221211212
1211022022212112120
2110220222121121201
1102202221211212012
1022022212112120122
0220222121121201222
2202221211212012221
2022212112120122211
0222121121201222112
2221211212012221122
2212112120122211222
2121121201222112220
1211212012221122201
2112120122211222011
1121201222112220110
1212012221122201101

01210220122001002110
12102201220010021102
21022012200100211021
10220122001002110212
02201220010021102122
22012200100211021220
20122001002110212202
01220010021102122021
12200100211021220212
22001002110212202120
20010021102122021201
00100211021220212012
01002110212202120121
10021102122021201210
00211021220212012102
02110212202120121022
21102122021201210221
11021220212012102212
10212202120121022122
02122021201210221221
2220011011222212121
2200110112222121211
2001101122221212110
0011011222212121101
0110112222121211012
1101122221212110120
1011222212121101202
0112222121211012022
1122221212110120221
1222212121101202211
2222121211012022112
2221212110120221121
2212121101202211211
2121211012022112111
1212110120221121111
2121101202211211111
1211012022112111112
2110120221121111121
1101202211211111210
1012022112111112101

21100112002010101100
11001120020101011002
10011200201010110021
00112002010101100212
01120020101011002122
11200201010110021220
12002010101100212201
20020101011002122011
00201010110021220112
02010101100212201122
20101011002122011221
01010110021220112210
10101100212201122101
01011002122011221010
10110021220112210100
01100212201122101000
11002122011221010001
10021220112210100012
00212201122101000121
02122011221010001212
2000112002020201222
0001120020202012221
0011200202020122211
0112002020201222112
1120020202012221122
1200202020122211220
2002020201222112200
0020202012221122002
0202020122211220022
2020201222112200222
0202012221122002222
2020122211220022221
0201222112200222212
2012221122002222121
0122211220022221212
1222112200222212120
2221122002222121200
2211220022221212001
2112200222212120012
1122002222121200122

21221200111001122210
12212001110011222100
22120011100112221001
21200111001122210010
12001110011222100100
20011100112221001000
00111001122210010002
01110011222100100021
11100112221001000212
11001122210010002120
10011222100100021201
00112221001000212012
01122210010002120121
11222100100021201210
12221001000212012100
22210010002120121001
22100100021201210011
21001000212012100112
10010002120121001122
00100021201210011222
0200012001222222121
2000120012222221211
0001200122222212112
0012001222222121121
0120012222221211212
1200122222212112120
2001222222121121201
0012222221211212012
0122222212112120122
1222222121121201221
2222221211212012210
2222212112120122101
2222121121201221012
2221211212012210122
2212112120122101221
2121121201221012210
1211212012210122101
2112120122101221011
1121201221012210110
1212012210122101101

