Generation 699:
12012222012201202222
20122220122012022220
01222201220120222200
12222012201202222001
22220122012022220012
22201220120222200122
22012201202222001220
20122012022220012202
01220120222200122020
12201202222001220200
22012022220012202000
20120222200122020002
01202222001220200022
12022220012202000222
20222200122020002222
02222001220200022222
22220012202000222222
22200122020002222222
22001220200022222222
20012202000222222221
0100211210200102222
1002112102001022221
0021121020010222211
0211210200102222112
2112102001022221120
1121020010222211200
1210200102222112001
2102001022221120012
1020010222211200121
0200102222112001210
2001022221120012102
0010222211200121022
0102222112001210222
1022221120012102222
0222211200121022222
2222112001210222221
2221120012102222210
2211200121022222100
2112001210222221000
1120012102222210000

00012202022021222120
00122020220212221202
01220202202122212022
12202022021222120220
22020220212221202202
20202202122212022022
02022021222120220220
20220212221202202202
02202122212022022021
22021222120220220210
20212221202202202100
02122212022022021002
21222120220220210022
12221202202202100221
22212022022021002211
22120220220210022112
21202202202100221120
12022022021002211202
20220220210022112022
02202202100221120221
2001101121200202201
0011011212002022011
0110112120020220111
1101121200202201112
1011212002022011121
0112120020220111211
1121200202201112110
1212002022011121101
2120020220111211011
1200202201112110110
2002022011121101101
0020220111211011011
0202201112110110112
2022011121101101121
0220111211011011210
2201112110110112101
2011121101101121012
0111211011011210120
1112110110112101200
1121101101121012001

01012202002021222101
10122020020212221012
01220200202122210122
12202002021222101221
22020020212221012212
20200202122210122120
02002021222101221200
20020212221012212002
00202122210122120020
02021222101221200200
20212221012212002000
02122210122120020000
21222101221200200002
12221012212002000022
22210122120020000221
22101221200200002211
21012212002000022110
10122120020000221102
01221200200002211022
12212002000022110221
0101111210200220111
1011112102002201111
0111121020022011111
1111210200220111112
1112102002201111121
1121020022011111211
1210200220111112110
2102002201111121102
1020022011111211022
0200220111112110220
2002201111121102201
0022011111211022012
0220111112110220122
2201111121102201222
2011111211022012220
0111112110220122200
1111121102201222000
1111211022012220000
1112110220122200000
1121102201222000001

00012102000102202121
00121020001022021211
01210200010220212111
12102000102202121111
21020001022021211110
10200010220212111102
02000102202121111021
20001022021211110212
00010220212111102122
00102202121111021220
01022021211110212201
10220212111102122012
02202121111021220122
22021211110212201222
20212111102122012222
02121111021220122220
21211110212201222201
12111102122012222012
21111021220122220120
11110212201222201202
1022120121110102021
0221201211101020211
2212012111010202112
2120121110102021122
1201211101020211220
2012111010202112200
0121110102021122000
1211101020211220002
2111010202112200021
1110102021122000210
1101020211220002102
1010202112200021022
0102021122000210220
1020211220002102201
0202112200021022010
2021122000210220101
0211220002102201012
2112200021022010121
1122000210220101210
1220002102201012102

12012222210001202222
20122222100012022220
01222221000120222200
12222210001202222000
22222100012022220001
22221000120222200012
22210001202222000121
22100012022220001212
21000120222200012120
10001202222000121200
00012022220001212000
00120222200012120000
01202222000121200002
12022220001212000022
20222200012120000221
02222000121200002212
22220001212000022122
22200012120000221222
22000121200002212221
20001212000022122211
0101121110110120022
1011211101101200221
0112111011012002210
1121110110120022100
1211101101200221000
2111011012002210002
1110110120022100021
1101101200221000211
1011012002210002112
0110120022100021122
1101200221000211222
1012002210002112222
0120022100021122220
1200221000211222202
2002210002112222020
0022100021122220200
0221000211222202002
2210002112222020020
2100021122220200200
1000211222202002000

00012121212102200221
00121212121022002211
01212121210220022110
12121212102200221101
21212121022002211012
12121210220022110122
21212102200221101220
12121022002211012202
21210220022110122020
12102200221101220200
21022002211012202000
10220022110122020001
02200221101220200012
22002211012202000122
20022110122020001222
00221101220200012222
02211012202000122220
22110122020001222202
21101220200012222022
11012202000122220221
0100220210202202022
1002202102022020221
0022021020220202211
0220210202202022112
2202102022020221120
2021020220202211200
0210202202022112000
2102022020221120002
1020220202211200021
0202202022112000210
2022020221120002101
0220202211200021010
2202022112000210100
2020221120002101002
0202211200021010022
2022112000210100221
0221120002101002210
2211200021010022101
2112000210100221010
1120002101002210101

22010121222020202010
20101212220202020100
01012122202020201000
10121222020202010000
01212220202020100001
12122202020201000012
21222020202010000121
12220202020100001212
22202020201000012120
22020202010000121202
20202020100001212021
02020201000012120210
20202010000121202102
02020100001212021020
20201000012120210201
02010000121202102011
20100001212021020112
01000012120210201122
10000121202102011221
00001212021020112210
1121111112112110112
1211111121121101120
2111111211211011202
1111112112110112022
1111121121101120222
1111211211011202222
1112112110112022220
1121121101120222201
1211211011202222012
2112110112022220122
1121101120222201222
1211011202222012222
2110112022220122220
1101120222201222200
1011202222012222000
0112022220122220000
1120222201222200001
1202222012222000011
2022220122220000110
0222201222200001101

12012222012021202122
20122220120212021220
01222201202120212200
12222012021202122001
22220120212021220011
22201202120212200112
22012021202122001120
20120212021220011202
01202120212200112020
12021202122001120200
20212021220011202000
02120212200112020002
21202122001120200022
12021220011202000222
20212200112020002221
02122001120200022212
21220011202000222120
12200112020002221202
22001120200022212022
20011202000222120221
1100211210200220222
1002112102002202221
0021121020022022210
0211210200220222102
2112102002202221021
1121020022022210210
1210200220222102100
2102002202221021001
1020022022210210012
0200220222102100120
2002202221021001202
0022022210210012022
0220222102100120222
2202221021001202222
2022210210012022220
0222102100120222200
2221021001202222000
2210210012022220000
2102100120222200000
1021001202222000000

20210221222020202010
02102212220202020100
21022122202020201000
10221222020202010000
02212220202020100001
22122202020201000012
21222020202010000121
12220202020100001212
22202020201000012120
22020202010000121200
20202020100001212000
02020201000012120000
20202010000121200002
02020100001212000020
20201000012120000201
02010000121200002011
20100001212000020112
01000012120000201122
10000121200002011221
00001212000020112210
2121110112112102110
1211101121121021100
2111011211210211001
1110112112102110012
1101121121021100122
1011211210211001222
0112112102110012220
1121121021100122202
1211210211001222021
2112102110012220212
1121021100122202121
1210211001222021212
2102110012220212120
1021100122202121200
0211001222021212000
2110012220212120000
1100122202121200001
1001222021212000011
0012220212120000110
0122202121200001101

12012222210021202122
20122222100212021221
01222221002120212210
12222210021202122101
22222100212021221011
22221002120212210112
22210021202122101120
22100212021221011202
21002120212210112021
10021202122101120210
00212021221011202100
02120212210112021002
21202122101120210022
12021221011202100222
20212210112021002221
02122101120210022212
21221011202100222122
12210112021002221222
22101120210022212222
21011202100222122221
1101221110200120220
1012211102001202201
0122111020012022011
1221110200120220112
2211102001202201120
2111020012022011201
1110200120220112011
1102001202201120111
1020012022011201112
0200120220112011120
2001202201120111202
0012022011201112022
0120220112011120222
1202201120111202222
2022011201112022220
0220112011120222201
2201120111202222010
2011201112022220100
0112011120222201000
1120111202222010001

01012202000021222121
10122020000212221212
01220200002122212122
12202000021222121221
22020000212221212212
20200002122212122120
02000021222121221200
20000212221212212001
00002122212122120012
00021222121221200121
00212221212212001211
02122212122120012110
21222121221200121102
12221212212001211022
22212122120012110221
22121221200121102211
21212212001211022110
12122120012110221102
21221200121102211022
12212001211022110221
1101220210200220111
1012202102002201111
0122021020022011111
1220210200220111112
2202102002201111121
2021020022011111211
0210200220111112110
2102002201111121102
1020022011111211022
0200220111112110220
2002201111121102201
0022011111211022012
0220111112110220122
2201111121102201222
2011111211022012220
0111112110220122200
1111121102201222000
1111211022012220000
1112110220122200000
1121102201222000001

00012202000012202122
00122020000122021222
01220200001220212221
12202000012202122211
22020000122021222110
20200001220212221102
02000012202122211021
20000122021222110211
00001220212221102111
00012202122211021111
00122021222110211111
01220212221102111112
12202122211021111121
22021222110211111212
20212221102111112122
02122211021111121220
21222110211111212201
12221102111112122011
22211021111121220110
22110211111212201102
1022100121120120011
0221001211201200111
2210012112012001112
2100121120120011122
1001211201200111220
0012112012001112200
0121120120011122001
1211201200111220011
2112012001112200111
1120120011122001110
1201200111220011102
2012001112200111022
0120011122001110220
1200111220011102201
2001112200111022010
0011122001110220101
0111220011102201012
1112200111022010121
1122001110220101210
1220011102201012101

00012121212102200121
00121212121022001211
01212121210220012111
12121212102200121111
21212121022001211112
12121210220012111122
21212102200121111222
12121022001211112222
21210220012111122222
12102200121111222220
21022001211112222200
10220012111122222001
02200121111222220011
22001211112222200112
20012111122222001121
00121111222220011211
01211112222200112110
12111122222001121102
21111222220011211022
11112222200112110221
2101220200202200020
1012202002022000201
0122020020220002011
1220200202200020112
2202002022000201120
2020020220002011201
0200202200020112010
2002022000201120100
0020220002011201002
0202200020112010020
2022000201120100201
0220002011201002010
2200020112010020100
2000201120100201002
0002011201002010020
0020112010020100200
0201120100201002002
2011201002010020021
0112010020100200210
1120100201002002101

00002222221011212001
00022222210112120012
00222222101121200121
02222221011212001211
22222210112120012111
22222101121200121110
22221011212001211101
22210112120012111012
22101121200121110121
21011212001211101210
10112120012111012101
01121200121110121010
11212001211101210102
12120012111012101022
21200121110121010222
12001211101210102221
20012111012101022211
00121110121010222111
01211101210102221112
12111012101022211122
2121110200120020011
1211102001200200111
2111020012002001112
1110200120020011122
1102001200200111221
1020012002001112210
0200120020011122100
2001200200111221002
0012002001112210021
0120020011122100210
1200200111221002100
2002001112210021002
0020011122100210022
0200111221002100222
2001112210021002222
0011122100210022221
0111221002100222211
1112210021002222111
1122100210022221112
1221002100222211121

20012221222022202122
00122212220222021222
01222122202220212221
12221222022202122211
22212220222021222112
22122202220212221122
21222022202122211222
12220222021222112221
22202220212221122211
22022202122211222111
20222021222112221110
02220212221122211102
22202122211222111021
22021222112221110212
20212221122211102122
02122211222111021221
21222112221110212210
12221122211102122101
22211222111021221012
22112221110212210121
2100210200202222210
1002102002022222101
0021020020222221011
0210200202222210110
2102002022222101100
1020020222221011001
0200202222210110011
2002022222101100111
0020222221011001111
0202222210110011110
2022222101100111101
0222221011001111010
2222210110011110101
2222101100111101012
2221011001111010120
2210110011110101201
2101100111101012012
1011001111010120120
0110011110101201200
1100111101012012001

12210222022200202000
22102220222002020000
21022202220020200000
10222022200202000001
02220222002020000011
22202220020200000110
22022200202000001100
20222002020000011002
02220020200000110022
22200202000001100222
22002020000011002221
20020200000110022212
00202000001100222122
02020000011002221220
20200000110022212201
02000001100222122011
20000011002221220112
00000110022212201122
00001100222122011222
00011002221220112220
1121211112202120112
1212111122021201120
2121111220212011202
1211112202120112022
2111122021201120222
1111220212011202220
1112202120112022200
1122021201120222001
1220212011202220012
2202120112022200120
2021201120222001202
0212011202220012022
2120112022200120222
1201120222001202220
2011202220012022200
0112022200120222000
1120222001202220002
1202220012022200021
2022200120222000210
0222001202220002101

12012222012201202122
20122220122012021220
01222201220120212201
12222012201202122011
22220122012021220112
22201220120212201122
22012201202122011222
20122012021220112222
01220120212201122222
12201202122011222220
22012021220112222200
20120212201122222002
01202122011222220021
12021220112222200212
20212201122222002121
02122011222220021211
21220112222200212112
12201122222002121122
22011222220021211222
20112222200212112221
2101211200200100220
1012112002001002201
0121120020010022011
1211200200100220112
2112002001002201120
1120020010022011201
1200200100220112011
2002001002201120110
0020010022011201102
0200100220112011020
2001002201120110202
0010022011201102022
0100220112011020222
1002201120110202222
0022011201102022220
0220112011020222200
2201120110202222002
2011201102022220020
0112011020222200200
1120110202222002000

10010221222000202010
00102212220002020100
01022122200020201000
10221222000202010000
02212220002020100001
22122200020201000012
21222000202010000121
12220002020100001212
22200020201000012120
22000202010000121200
20002020100001212000
00020201000012120000
00202010000121200002
02020100001212000022
20201000012120000222
02010000121200002221
20100001212000022212
01000012120000222122
10000121200002221221
00001212000022212210
2121110122112102110
1211101221121021100
2111012211210211001
1110122112102110012
1101221121021100122
1012211210211001222
0122112102110012220
1221121021100122202
2211210211001222021
2112102110012220212
1121021100122202121
1210211001222021212
2102110012220212120
1021100122202121200
0211001222021212000
2110012220212120000
1100122202121200001
1001222021212000011
0012220212120000110
0122202121200001101

00012202020021222101
00122020200212221012
01220202002122210122
12202020021222101221
22020200212221012212
20202002122210122120
02020021222101221200
20200212221012212002
02002122210122120021
20021222101221200210
00212221012212002100
02122210122120021000
21222101221200210002
12221012212002100022
22210122120021000221
22101221200210002211
21012212002100022112
10122120021000221122
01221200210002211222
12212002100022112221
2101121100200102011
1011211002001020111
0112110020010201111
1121100200102011112
1211002001020111120
2110020010201111201
1100200102011112011
1002001020111120112
0020010201111201121
0200102011112011210
2001020111120112101
0010201111201121010
0102011112011210102
1020111120112101022
0201111201121010220
2011112011210102201
0111120112101022012
1111201121010220120
1112011210102201200
1120112101022012001

01212221000001102201
12122210000011022010
21222100000110220102
12221000001102201022
22210000011022010220
22100000110220102200
21000001102201022001
10000011022010220012
00000110220102200122
00001102201022001221
00011022010220012212
00110220102200122122
01102201022001221221
11022010220012212212
10220102200122122121
02201022001221221210
22010220012212212102
20102200122122121022
01022001221221210222
10220012212212102221
0102222212210122012
1022222122101220120
0222221221012201201
2222212210122012010
2222122101220120101
2221221012201201011
2212210122012010110
2122101220120101101
1221012201201011011
2210122012010110110
2101220120101101101
1012201201011011012
0122012010110110120
1220120101101101201
2201201011011012012
2012010110110120121
0120101101101201212
1201011011012012121
2010110110120121210
0101101101201212101

12010122222000202000
20101222220002020000
01012222200020200000
10122222000202000000
01222220002020000001
12222200020200000010
22222000202000000101
22220002020000001012
22200020200000010122
22000202000000101222
20002020000001012221
00020200000010122210
00202000000101222102
02020000001012221022
20200000010122210222
02000000101222102221
20000001012221022212
00000010122210222122
00000101222102221221
00001012221022212210
0121111122112120112
1211111221121201120
2111112211212011202
1111122112120112020
1111221121201120202
1112211212011202022
1122112120112020220
1221121201120202201
2211212011202022012
2112120112020220122
1121201120202201222
1212011202022012222
2120112020220122220
1201120202201222200
2011202022012222000
0112020220122220000
1120202201222200002
1202022012222000021
2020220122220000210
0202201222200002101

20012121022122202122
00121210221222021220
01212102212220212201
12121022122202122011
21210221222021220112
12102212220212201122
21022122202122011222
10221222021220112222
02212220212201122220
22122202122011222200
21222021220112222000
12220212201122220002
22202122011222200022
22021220112222000222
20212201122220002222
02122011222200022221
21220112222000222210
12201122220002222102
22011222200022221020
20112222000222210201
2120110220202102022
1201102202021020221
2011022020210202210
0110220202102022100
1102202021020221000
1022020210202210001
0220202102022100010
2202021020221000102
2020210202210001021
0202102022100010210
2021020221000102101
0210202210001021012
2102022100010210120
1020221000102101201
0202210001021012010
2022100010210120100
0221000102101201002
2210001021012010020
2100010210120100200
1000102101201002000

00012202002002202102
00122020020022021022
01220200200220210221
12202002002202102211
22020020022021022110
20200200220210221102
02002002202102211021
20020022021022110212
00200220210221102120
02002202102211021200
20022021022110212000
00220210221102120002
02202102211021200021
22021022110212000212
20210221102120002122
02102211021200021220
21022110212000212201
10221102120002122011
02211021200021220110
22110212000212201102
0022111121110122011
0221111211101220111
2211112111012201112
2111121110122011122
1111211101220111220
1112111012201112200
1121110122011122001
1211101220111220011
2111012201112200111
1110122011122001110
1101220111220011102
1012201112200111022
0122011122001110220
1220111220011102201
2201112200111022010
2011122001110220101
0111220011102201012
1112200111022010121
1122001110220101210
1220011102201012102

00002222221001212020
00022222210012120202
00222222100121202021
02222221001212020210
22222210012120202101
22222100121202021012
22221001212020210121
22210012120202101212
22100121202021012122
21001212020210121220
10012120202101212201
00121202021012122012
01212020210121220122
12120202101212201221
21202021012122012212
12020210121220122122
20202101212201221221
02021012122012212211
20210121220122122112
02101212201221221122
2021220121110022001
0212201211100220011
2122012111002200112
1220121110022001122
2201211100220011221
2012111002200112210
0121110022001122100
1211100220011221001
2111002200112210011
1110022001122100110
1100220011221001100
1002200112210011001
0022001122100110012
0220011221001100121
2200112210011001212
2001122100110012121
0011221001100121211
0112210011001212111
1122100110012121112
1221001100121211122

00012202000002202122
00122020000022021222
01220200000220212221
12202000002202122211
22020000022021222110
20200000220212221102
02000002202122211021
20000022021222110211
00000220212221102112
00002202122211021121
00022021222110211211
00220212221102112112
02202122211021121121
22021222110211211212
20212221102112112122
02122211021121121220
21222110211211212201
12221102112112122011
22211021121121220110
22110211211212201102
1022220121110122011
0222201211101220111
2222012111012201112
2220121110122011122
2201211101220111220
2012111012201112200
0121110122011122001
1211101220111220011
2111012201112200111
1110122011122001110
1101220111220011102
1012201112200111022
0122011122001110220
1220111220011102201
2201112200111022010
2011122001110220101
0111220011102201012
1112200111022010121
1122001110220101210
1220011102201012102

12210222222000202020
22102222220002020200
21022222200020202000
10222222000202020001
02222220002020200011
22222200020202000112
22222000202020001120
22220002020200011202
22200020202000112022
22000202020001120220
20002020200011202201
00020202000112022010
00202020001120220102
02020200011202201020
20202000112022010201
02020001120220102011
20200011202201020112
02000112022010201122
20001120220102011221
00011202201020112210
0121111112112100112
1211111121121001121
2111111211210011212
1111112112100112120
1111121121001121200
1111211210011212002
1112112100112120020
1121121001121200201
1211210011212002012
2112100112120020122
1121001121200201222
1210011212002012222
2100112120020122222
1001121200201222220
0011212002012222200
0112120020122222000
1121200201222220000
1212002012222200000
2120020122222000000
1200201222220000001

12012222012201202202
20122220122012022020
01222201220120220200
12222012201202202000
22220122012022020002
22201220120220200020
22012201202202000201
20122012022020002012
01220120220200020120
12201202202000201202
22012022020002012020
20120220200020120202
01202202000201202021
12022020002012020212
20220200020120202121
02202000201202021212
22020002012020212122
20200020120202121222
02000201202021212222
20002012020212122221
0101211210200120022
1012112102001200220
0121121020012002201
1211210200120022012
2112102001200220122
1121020012002201220
1210200120022012201
2102001200220122010
1020012002201220102
0200120022012201020
2001200220122010201
0012002201220102012
0120022012201020120
1200220122010201202
2002201220102012020
0022012201020120200
0220122010201202002
2201220102012020021
2012201020120200210
0122010201202002100

12012222010021202122
20122220100212021220
01222201002120212200
12222010021202122001
22220100212021220011
22201002120212200112
22010021202122001120
20100212021220011202
01002120212200112020
10021202122001120200
00212021220011202000
02120212200112020002
21202122001120200022
12021220011202000222
20212200112020002221
02122001120200022212
21220011202000222122
12200112020002221222
22001120200022212222
20011202000222122221
1101221110200120022
1012211102001200221
0122111020012002210
1221110200120022102
2211102001200221020
2111020012002210201
1110200120022102011
1102001200221020111
1020012002210201112
0200120022102011120
2001200221020111202
0012002210201112022
0120022102011120222
1200221020111202222
2002210201112022220
0022102011120222200
0221020111202222000
2210201112022220000
2102011120222200000
1020111202222000000

01012202002021222101
10122020020212221012
01220200202122210122
12202002021222101221
22020020212221012212
20200202122210122120
02002021222101221200
20020212221012212002
00202122210122120020
02021222101221200200
20212221012212002000
02122210122120020000
21222101221200200002
12221012212002000022
22210122120020000221
22101221200200002211
21012212002000022110
10122120020000221102
01221200200002211022
12212002000022110221
0101111210200220111
1011112102002201111
0111121020022011111
1111210200220111112
1112102002201111121
1121020022011111211
1210200220111112110
2102002201111121102
1020022011111211022
0200220111112110220
2002201111121102201
0022011111211022012
0220111112110220122
2201111121102201222
2011111211022012220
0111112110220122200
1111121102201222000
1111211022012220000
1112110220122200000
1121102201222000001

00002200221012212120
00022002210122121202
00220022101221212021
02200221012212120210
22002210122121202101
20022101221212021012
00221012212120210121
02210122121202101212
22101221212021012121
21012212120210121210
10122121202101212101
01221212021012121012
12212120210121210122
22121202101212101221
21212021012121012210
12120210121210122102
21202101212101221021
12021012121012210212
20210121210122102122
02101212101221021222
2021200121110020021
0212001211100200211
2120012111002002112
1200121110020021122
2001211100200211221
0012111002002112210
0121110020021122100
1211100200211221001
2111002002112210011
1110020021122100110
1100200211221001102
1002002112210011021
0020021122100110210
0200211221001102101
2002112210011021012
0021122100110210121
0211221001102101211
2112210011021012111
1122100110210121112
1221001102101211121

02012222002021220120
20122220020212201200
01222200202122012002
12222002021220120021
22220020212201200211
22200202122012002110
22002021220120021101
20020212201200211012
00202122012002110122
02021220120021101220
20212201200211012202
02122012002110122022
21220120021101220222
12201200211012202220
22012002110122022201
20120021101220222011
01200211012202220112
12002110122022201122
20021101220222011220
00211012202220112200
0122211212200112122
1222112122001121220
2221121220011212201
2211212200112122012
2112122001121220121
1121220011212201211
1212200112122012110
2122001121220121101
1220011212201211011
2200112122012110110
2001121220121101101
0011212201211011012
0112122012110110122
1121220121101101221
1212201211011012210
2122012110110122101
1220121101101221012
2201211011012210120
2012110110122101200
0121101101221012001

12012222012201202222
20122220122012022220
01222201220120222200
12222012201202222001
22220122012022220011
22201220120222200112
22012201202222001120
20122012022220011202
01220120222200112020
12201202222001120200
22012022220011202000
20120222200112020002
01202222001120200022
12022220011202000222
20222200112020002221
02222001120200022212
22220011202000222122
22200112020002221222
22001120200022212222
20011202000222122221
1101120110200120022
1011201102001200221
0112011020012002211
1120110200120022112
1201102001200221120
2011020012002211200
0110200120022112001
1102001200221120012
1020012002211200122
0200120022112001220
2001200221120012202
0012002211200122020
0120022112001220202
1200221120012202022
2002211200122020220
0022112001220202201
0221120012202022012
2211200122020220120
2112001220202201200
1120012202022012000

01022222000001200002
10222220000012000022
02222200000120000220
22222000001200002202
22220000012000022020
22200000120000220202
22000001200002202021
20000012000022020211
00000120000220202112
00001200002202021122
00012000022020211221
00120000220202112211
01200002202021122112
12000022020211221122
20000220202112211222
00002202021122112222
00022020211221122222
00220202112211222221
02202021122112222210
22020211221122222102
1202121120120222101
2021211201202221011
0212112012022210110
2121120120222101102
1211201202221011020
2112012022210110200
1120120222101102001
1201202221011020010
2012022210110200101
0120222101102001010
1202221011020010100
2022210110200101002
0222101102001010022
2221011020010100221
2210110200101002212
2101102001010022121
1011020010100221212
0110200101002212121
1102001010022121210
1020010100221212100

01212222200001102201
12122222000011022010
21222220000110220102
12222200001102201022
22222000011022010220
22220000110220102200
22200001102201022001
22000011022010220012
20000110220102200122
00001102201022001221
00011022010220012210
00110220102200122102
01102201022001221021
11022010220012210212
10220102200122102121
02201022001221021210
22010220012210212102
20102200122102121022
01022001221021210222
10220012210212102221
1102122112210120012
1021221122101200121
0212211221012001211
2122112210120012110
1221122101200121102
2211221012001211021
2112210120012110210
1122101200121102101
1221012001211021012
2210120012110210120
2101200121102101202
1012001211021012022
0120012110210120220
1200121102101202201
2001211021012022012
0012110210120220120
0121102101202201202
1211021012022012021
2110210120220120210
1102101202201202101

20012222222122202221
00122222221222022211
01222222212220222112
12222222122202221121
22222221222022211212
22222212220222112122
22222122202221121221
22221222022211212212
22212220222112122122
22122202221121221220
21222022211212212202
12220222112122122022
22202221121221220222
22022211212212202222
20222112122122022222
02221121221220222221
22211212212202222210
22112122122022222102
21121221220222221022
11212212202222210221
2100220210202202010
1002202102022020101
0022021020220201011
0220210202202010110
2202102022020101100
2021020220201011001
0210202202010110010
2102022020101100102
1020220201011001021
0202202010110010210
2022020101100102101
0220201011001021012
2202010110010210120
2020101100102101201
0201011001021012010
2010110010210120101
0101100102101201012
1011001021012010120
0110010210120101200
1100102101201012001

01012222012201202202
10122220122012022020
01222201220120220200
12222012201202202001
22220122012022020012
22201220120220200120
22012201202202001200
20122012022020012002
01220120220200120020
12201202202001200200
22012022020012002000
20120220200120020000
01202202001200200001
12022020012002000012
20220200120020000121
02202001200200001212
22020012002000012120
20200120020000121202
02001200200001212022
20012002000012120221
0101211210200100012
1012112102001000121
0121121020010001211
1211210200100012112
2112102001000121120
1121020010001211200
1210200100012112001
2102001000121120010
1020010001211200102
0200100012112001020
2001000121120010201
0010001211200102012
0100012112001020122
1000121120010201222
0001211200102012220
0012112001020122200
0121120010201222000
1211200102012220000
2112001020122200000
1120010201222000001

20010121202020202010
00101212020202020100
01012120202020201000
10121202020202010000
01212020202020100000
12120202020201000002
21202020202010000021
12020202020100000212
20202020201000002120
02020202010000021201
20202020100000212011
02020201000002120110
20202010000021201102
02020100000212011022
20201000002120110222
02010000021201102221
20100000212011022212
01000002120110222121
10000021201102221211
00000212011022212110
2121110121110122111
1211101211101221110
2111012111012211101
1110121110122111012
1101211101221110122
1012111012211101222
0121110122111012220
1211101221110122202
2111012211101222021
1110122111012220212
1101221110122202121
1012211101222021212
0122111012220212120
1221110122202121200
2211101222021212000
2111012220212120000
1110122202121200001
1101222021212000011
1012220212120000110
0122202121200001102

01212121000001102101
12121210000011021010
21212100000110210101
12121000001102101012
21210000011021010120
12100000110210101200
21000001102101012002
10000011021010120022
00000110210101200221
00001102101012002211
00011021010120022110
00110210101200221102
01102101012002211021
11021010120022110212
10210101200221102121
02101012002211021210
21010120022110212102
10101200221102121022
01012002211021210222
10120022110212102221
0102222202210122222
1022222022101222220
0222220221012222201
2222202210122222012
2222022101222220121
2220221012222201211
2202210122222012110
2022101222220121101
0221012222201211011
2210122222012110110
2101222220121101101
1012222201211011010
0122222012110110101
1222220121101101012
2222201211011010122
2222012110110101221
2220121101101012212
2201211011010122121
2012110110101221210
0121101101012212101

12012202002021222121
20122020020212221212
01220200202122212122
12202002021222121221
22020020212221212212
20200202122212122122
02002021222121221220
20020212221212212202
00202122212122122020
02021222121221220200
20212221212212202000
02122212122122020002
21222121221220200022
12221212212202000222
22212122122020002221
22121221220200022211
21212212202000222112
12122122020002221122
21221220200022211222
12212202000222112221
0101111210200220121
1011112102002201211
0111121020022012111
1111210200220121112
1112102002201211121
1121020022012111211
1210200220121112110
2102002201211121102
1020022012111211022
0200220121112110220
2002201211121102201
0022012111211022012
0220121112110220122
2201211121102201222
2012111211022012220
0121112110220122200
1211121102201222000
2111211022012220000
1112110220122200000
1121102201222000000

00012202020002202122
00122020200022021222
01220202000220212221
12202020002202122211
22020200022021222111
20202000220212221112
02020002202122211121
20200022021222111211
02000220212221112112
20002202122211121120
00022021222111211200
00220212221112112002
02202122211121120021
22021222111211200212
20212221112112002122
02122211121120021220
21222111211200212201
12221112112002122012
22211121120021220120
22111211200212201202
1022220122112102010
0222201221121020101
2222012211210201012
2220122112102010122
2201221121020101220
2012211210201012200
0122112102010122001
1221121020101220011
2211210201012200111
2112102010122001110
1121020101220011102
1210201012200111022
2102010122001110220
1020101220011102201
0201012200111022010
2010122001110220101
0101220011102201012
1012200111022010121
0122001110220101210
1220011102201012101

