Generation 699:
2202001012222002201002
2020010122220022010022
0200101222200220100221
2001012222002201002211
0010122220022010022112
0101222200220100221122
1012222002201002211221
0122220022010022112212
1222200220100221122120
2222002201002211221200
2220022010022112212000
2200220100221122120002
2002201002211221200020
0022010022112212000200
0220100221122120002001
2201002211221200020011
2010022112212000200111
0100221122120002001111
1002211221200020011112
0022112212000200111122
0221122120002001111220
2211221200020011112201
021200120211221210212
212001202112212102121
120012021122121021211
200120211221210212111
001202112212102121111
012021122121021211111
120211221210212111112
202112212102121111121
021122121021211111212
211221210212111112122
112212102121111121220
122121021211111212200
221210212111112122002
212102121111121220021
121021211111212200210
210212111112122002102
102121111121220021022
021211111212200210222
212111112122002102222
121111121220021022220
211111212200210222201
111112122002102222012

2202100112222022021022
2021001122220220210222
0210011222202202102221
2100112222022021022211
1001122220220210222110
0011222202202102221101
0112222022021022211011
1122220220210222110111
1222202202102221101111
2222022021022211011111
2220220210222110111110
2202202102221101111102
2022021022211011111020
0220210222110111110202
2202102221101111102021
2021022211011111020211
0210222110111110202112
2102221101111102021121
1022211011111020211212
0222110111110202112122
2221101111102021121220
2211011111020211212201
012220010211201010212
122200102112010102121
222001021120101021211
220010211201010212111
200102112010102121111
001021120101021211111
010211201010212111112
102112010102121111122
021120101021211111222
211201010212111112220
112010102121111122200
120101021211111222000
201010212111112220002
010102121111122200021
101021211111222000210
010212111112220002100
102121111122200021002
021211111222000210022
212111112220002100222
121111122200021002221
211111222000210022211
111112220002100222111

2202121012221102001000
2021210122211020010002
0212101222110200100021
2121012221102001000211
1210122211020010002112
2101222110200100021122
1012221102001000211221
0122211020010002112211
1222110200100021122111
2221102001000211221111
2211020010002112211110
2110200100021122111102
1102001000211221111021
1020010002112211110210
0200100021122111102101
2001000211221111021012
0010002112211110210122
0100021122111102101221
1000211221111021012212
0002112211110210122122
0021122111102101221220
0211221111021012212201
021201100211221220010
212011002112212200101
120110021122122001011
201100211221220010111
011002112212200101111
110021122122001011111
100211221220010111112
002112212200101111121
021122122001011111212
211221220010111112122
112212200101111121220
122122001011111212200
221220010111112122002
212200101111121220021
122001011111212200210
220010111112122002102
200101111121220021022
001011111212200210222
010111112122002102221
101111121220021022210
011111212200210222101
111112122002102221012

2202001012121002201021
2020010121210022010212
0200101212100220102120
2001012121002201021201
0010121210022010212012
0101212100220102120122
1012121002201021201221
0121210022010212012212
1212100220102120122121
2121002201021201221211
1210022010212012212110
2100220102120122121102
1002201021201221211021
0022010212012212110210
0220102120122121102101
2201021201221211021011
2010212012212110210111
0102120122121102101111
1021201221211021011111
0212012212110210111112
2120122121102101111120
1201221211021011111201
022201120211220210212
222011202112202102121
220112021122021021211
201120211220210212111
011202112202102121111
112021122021021211111
120211220210212111112
202112202102121111121
021122021021211111212
211220210212111112122
112202102121111121220
122021021211111212200
220210212111112122002
202102121111121220021
021021211111212200210
210212111112122002100
102121111121220021002
021211111212200210020
212111112122002100202
121111121220021002020
211111212200210020201
111112122002100202011

2202001012222000221022
2020010122220002210222
0200101222200022102221
2001012222000221022210
0010122220002210222100
0101222200022102221002
1012222000221022210021
0122220002210222100211
1222200022102221002111
2222000221022210021110
2220002210222100211100
2200022102221002111002
2000221022210021110021
0002210222100211100212
0022102221002111002121
0221022210021110021211
2210222100211100212112
2102221002111002121121
1022210021110021211212
0222100211100212112122
2221002111002121121220
2210021110021211212201
021000100211221220012
210001002112212200121
100010021122122001211
000100211221220012111
001002112212200121111
010021122122001211111
100211221220012111112
002112212200121111121
021122122001211111212
211221220012111112120
112212200121111121200
122122001211111212000
221220012111112120002
212200121111121200021
122001211111212000210
220012111112120002100
200121111121200021002
001211111212000210022
012111112120002100222
121111121200021002220
211111212000210022201
111112120002100222012

2201001022121002101021
2010010221210021010212
0100102212100210102120
1001022121002101021201
0010221210021010212012
0102212100210102120122
1022121002101021201221
0221210021010212012212
2212100210102120122121
2121002101021201221211
1210021010212012212110
2100210102120122121102
1002101021201221211021
0021010212012212110210
0210102120122121102101
2101021201221211021011
1010212012212110210111
0102120122121102101111
1021201221211021011111
0212012212110210111112
2120122121102101111120
1201221211021011111201
021201120211220210212
212011202112202102121
120112021122021021211
201120211220210212110
011202112202102121101
112021122021021211011
120211220210212110111
202112202102121101111
021122021021211011112
211220210212110111122
112202102121101111220
122021021211011112200
220210212110111122002
202102121101111220020
021021211011112200202
210212110111122002020
102121101111220020202
021211011112200202020
212110111122002020201
121101111220020202010
211011112200202020101
110111122002020201011

2202121002201110201020
2021210022011102010202
0212100220111020102021
2121002201110201020211
1210022011102010202112
2100220111020102021122
1002201110201020211221
0022011102010202112212
0220111020102021122121
2201110201020211221211
2011102010202112212111
0111020102021122121110
1110201020211221211101
1102010202112212111010
1020102021122121110101
0201020211221211101012
2010202112212111010121
0102021122121110101211
1020211221211101012112
0202112212111010121122
2021122121110101211220
0211221211101012112200
021000100211221020112
210001002112210201122
100010021122102011221
000100211221020112211
001002112210201122111
010021122102011221110
100211221020112211102
002112210201122111022
021122102011221110221
211221020112211102210
112210201122111022100
122102011221110221000
221020112211102210002
210201122111022100021
102011221110221000210
020112211102210002102
201122111022100021022
011221110221000210220
112211102210002102202
122111022100021022020
221110221000210220201
211102210002102202012

2202001012221002201002
2020010122210022010022
0200101222100220100221
2001012221002201002210
0010122210022010022102
0101222100220100221022
1012221002201002210221
0122210022010022102212
1222100220100221022121
2221002201002210221211
2210022010022102212110
2100220100221022121102
1002201002210221211021
0022010022102212110210
0220100221022121102101
2201002210221211021011
2010022102212110210111
0100221022121102101111
1002210221211021011112
0022102212110210111122
0221022121102101111220
2210221211021011112201
021200120211221220012
212001202112212200121
120012021122122001211
200120211221220012111
001202112212200121111
012021122122001211111
120211221220012111112
202112212200121111121
021122122001211111212
211221220012111112122
112212200121111121220
122122001211111212200
221220012111112122002
212200121111121220021
122001211111212200210
220012111112122002102
200121111121220021022
001211111212200210222
012111112122002102222
121111121220021022220
211111212200210222201
111112122002102222012

2202001012222002201022
2020010122220022010222
0200101222200220102221
2001012222002201022211
0010122220022010222112
0101222200220102221122
1012222002201022211221
0122220022010222112212
1222200220102221122120
2222002201022211221200
2220022010222112212000
2200220102221122120002
2002201022211221200020
0022010222112212000202
0220102221122120002021
2201022211221200020211
2010222112212000202111
0102221122120002021111
1022211221200020211112
0222112212000202111122
2221122120002021111220
2211221200020211112201
022000120211221210212
220001202112212102121
200012021122121021211
000120211221210212111
001202112212102121111
012021122121021211111
120211221210212111112
202112212102121111122
021122121021211111222
211221210212111112222
112212102121111122220
122121021211111222200
221210212111112222002
212102121111122220021
121021211111222200210
210212111112222002102
102121111122220021022
021211111222200210222
212111112222002102222
121111122220021022220
211111222200210222201
111112222002102222011

1211101002211200201020
2111010022112002010200
1110100221120020102001
1101002211200201020010
1010022112002010200100
0100221120020102001002
1002211200201020010021
0022112002010200100211
0221120020102001002110
2211200201020010021100
2112002010200100211000
1120020102001002110002
1200201020010021100021
2002010200100211000210
0020102001002110002101
0201020010021100021010
2010200100211000210102
0102001002110002101021
1020010021100021010212
0200100211000210102120
2001002110002101021200
0010021100021010212001
111000200212212210111
110002002122122101111
100020021221221011110
000200212212210111101
002002122122101111011
020021221221011110111
200212212210111101112
002122122101111011121
021221221011110111211
212212210111101112110
122122101111011121102
221221011110111211020
212210111101112110202
122101111011121102020
221011110111211020200
210111101112110202002
101111011121102020022
011110111211020200222
111101112110202002222
111011121102020022221
110111211020200222212
101112110202002222122

2202021002201112201002
2020210022011122010022
0202100220111220100221
2021002201112201002211
0210022011122010022112
2100220111220100221122
1002201112201002211221
0022011122010022112212
0220111220100221122121
2201112201002211221211
2011122010022112212110
0111220100221122121102
1112201002211221211021
1122010022112212110210
1220100221122121102101
2201002211221211021011
2010022112212110210111
0100221122121102101111
1002211221211021011112
0022112212110210111122
0221122121102101111220
2211221211021011112200
022001120211221021012
220011202112210210121
200112021122102101212
001120211221021012121
011202112210210121211
112021122102101212111
120211221021012121112
202112210210121211122
021122102101212111222
211221021012121112220
112210210121211122200
122102101212111222000
221021012121112220002
210210121211122200021
102101212111222000210
021012121112220002102
210121211122200021022
101212111222000210222
012121112220002102222
121211122200021022220
212111222000210222200
121112220002102222002

2202001002221202201002
2020010022212022010020
0200100222120220100201
2001002221202201002011
0010022212022010020112
0100222120220100201122
1002221202201002011221
0022212022010020112211
0222120220100201122111
2221202201002011221111
2212022010020112211111
2120220100201122111112
1202201002011221111121
2022010020112211111210
0220100201122111112101
2201002011221111121011
2010020112211111210112
0100201122111112101121
1002011221111121011210
0020112211111210112102
0201122111112101121020
2011221111121011210201
111021120211221220012
110211202112212200121
102112021122122001210
021120211221220012101
211202112212200121011
112021122122001210111
120211221220012101112
202112212200121011120
021122122001210111202
211221220012101112022
112212200121011120220
122122001210111202200
221220012101112022002
212200121011120220021
122001210111202200210
220012101112022002102
200121011120220021022
001210111202200210222
012101112022002102222
121011120220021022220
210111202200210222201
101112022002102222012

2202001012121002201021
2020010121210022010212
0200101212100220102120
2001012121002201021201
0010121210022010212012
0101212100220102120122
1012121002201021201221
0121210022010212012212
1212100220102120122121
2121002201021201221211
1210022010212012212110
2100220102120122121102
1002201021201221211021
0022010212012212110210
0220102120122121102101
2201021201221211021011
2010212012212110210111
0102120122121102101111
1021201221211021011111
0212012212110210111112
2120122121102101111120
1201221211021011111201
022201120211220210212
222011202112202102121
220112021122021021211
201120211220210212111
011202112202102121111
112021122021021211111
120211220210212111112
202112202102121111121
021122021021211111212
211220210212111112122
112202102121111121220
122021021211111212200
220210212111112122002
202102121111121220021
021021211111212200210
210212111112122002100
102121111121220021002
021211111212200210020
212111112122002100202
121111121220021002020
211111212200210020201
111112122002100202011

2202001002201012222022
2020010022010122220222
0200100220101222202221
2001002201012222022210
0010022010122220222102
0100220101222202221022
1002201012222022210221
0022010122220222102212
0220101222202221022121
2201012222022210221210
2010122220222102212101
0101222202221022121010
1012222022210221210101
0122220222102212101010
1222202221022121010101
2222022210221210101011
2220222102212101010111
2202221022121010101111
2022210221210101011112
0222102212101010111122
2221022121010101111220
2210221210101011112200
022021120221221021112
220211202212210211122
202112022122102111222
021120221221021112221
211202212210211122211
112022122102111222110
120221221021112221102
202212210211122211022
022122102111222110221
221221021112221102210
212210211122211022101
122102111222110221010
221021112221102210102
210211122211022101021
102111222110221010210
021112221102210102102
211122211022101021022
111222110221010210222
112221102210102102222
122211022101021022220
222110221010210222200
221102210102102222002

2202001012222000021022
2020010122220000210222
0200101222200002102221
2001012222000021022210
0010122220000210222100
0101222200002102221002
1012222000021022210021
0122220000210222100211
1222200002102221002111
2222000021022210021110
2220000210222100211100
2200002102221002111002
2000021022210021110021
0000210222100211100212
0002102221002111002121
0021022210021110021211
0210222100211100212112
2102221002111002121121
1022210021110021211212
0222100211100212112122
2221002111002121121220
2210021110021211212201
121000100211221220012
210001002112212200121
100010021122122001211
000100211221220012111
001002112212200121111
010021122122001211111
100211221220012111112
002112212200121111121
021122122001211111212
211221220012111112120
112212200121111121200
122122001211111212000
221220012111112120002
212200121111121200021
122001211111212000210
220012111112120002100
200121111121200021002
001211111212000210022
012111112120002100222
121111121200021002220
211111212000210022201
111112120002100222012

2202001002221000001002
2020010022210000010022
0200100222100000100221
2001002221000001002210
0010022210000010022102
0100222100000100221022
1002221000001002210221
0022210000010022102211
0222100000100221022111
2221000001002210221110
2210000010022102211100
2100000100221022111002
1000001002210221110021
0000010022102211100210
0000100221022111002101
0001002210221110021011
0010022102211100210112
0100221022111002101121
1002210221110021011212
0022102211100210112122
0221022111002101121220
2210221110021011212201
121000100211221220012
210001002112212200121
100010021122122001211
000100211221220012111
001002112212200121111
010021122122001211111
100211221220012111112
002112212200121111121
021122122001211111212
211221220012111112120
112212200121111121200
122122001211111212000
221220012111112120002
212200121111121200021
122001211111212000210
220012111112120002100
200121111121200021002
001211111212000210022
012111112120002100222
121111121200021002220
211111212000210022201
111112120002100222012

2002110212121220102021
0021102121212201020210
0211021212122010202100
2110212121220102021001
1102121212201020210010
1021212122010202100102
0212121220102021001022
2121212201020210010222
1212122010202100102221
2121220102021001022211
1212201020210010222110
2122010202100102221102
1220102021001022211022
2201020210010222110221
2010202100102221102210
0102021001022211022101
1020210010222110221012
0202100102221102210121
2021001022211022101211
0210010222110221012112
2100102221102210121120
1001022211022101211201
012120222210210011101
121202222102100111011
212022221021001110111
120222210210011101111
202222102100111011112
022221021001110111121
222210210011101111212
222102100111011112122
221021001110111121221
210210011101111212211
102100111011112122112
021001110111121221120
210011101111212211202
100111011112122112021
001110111121221120210
011101111212211202102
111011112122112021022
110111121221120210220
101111212211202102202
011112122112021022020
111121221120210220200
111212211202102202001

2202001002221002201022
2020010022210022010222
0200100222100220102221
2001002221002201022210
0010022210022010222102
0100222100220102221022
1002221002201022210221
0022210022010222102211
0222100220102221022110
2221002201022210221100
2210022010222102211000
2100220102221022110002
1002201022210221100021
0022010222102211000210
0220102221022110002101
2201022210221100021011
2010222102211000210112
0102221022110002101121
1022210221100021011211
0222102211000210112112
2221022110002101121120
2210221100021011211201
022001120221221221012
220011202212212210121
200112022122122101212
001120221221221012121
011202212212210121211
112022122122101212111
120221221221012121112
202212212210121211121
022122122101212111212
221221221012121112122
212212210121211121221
122122101212111212210
221221012121112122102
212210121211121221021
122101212111212210210
221012121112122102100
210121211121221021002
101212111212210210022
012121112122102100222
121211121221021002220
212111212210210022200
121112122102100222002

2202001002021000201022
2020010020210002010222
0200100202100020102221
2001002021000201022211
0010020210002010222112
0100202100020102221122
1002021000201022211221
0020210002010222112211
0202100020102221122111
2021000201022211221111
0210002010222112211110
2100020102221122111102
1000201022211221111021
0002010222112211110210
0020102221122111102101
0201022211221111021011
2010222112211110210112
0102221122111102101121
1022211221111021011212
0222112211110210112122
2221122111102101121220
2211221111021011212201
021201100211221220012
212011002112212200121
120110021122122001211
201100211221220012111
011002112212200121111
110021122122001211111
100211221220012111112
002112212200121111121
021122122001211111212
211221220012111112120
112212200121111121200
122122001211111212000
221220012111112120002
212200121111121200021
122001211111212000210
220012111112120002100
200121111121200021002
001211111212000210022
012111112120002100222
121111121200021002220
211111212000210022201
111112120002100222012

2202001112222022021002
2020011122220220210022
0200111222202202100221
2001112222022021002211
0011122220220210022110
0111222202202100221101
1112222022021002211011
1122220220210022110111
1222202202100221101111
2222022021002211011111
2220220210022110111110
2202202100221101111102
2022021002211011111020
0220210022110111110200
2202100221101111102001
2021002211011111020011
0210022110111110200112
2100221101111102001121
1002211011111020011210
0022110111110200112102
0221101111102001121020
2211011111020011210201
111220010211221010212
112200102112210102121
122001021122101021211
220010211221010212111
200102112210102121111
001021122101021211111
010211221010212111112
102112210102121111121
021122101021211111212
211221010212111112120
112210102121111121200
122101021211111212000
221010212111112120002
210102121111121200021
101021211111212000210
010212111112120002100
102121111121200021002
021211111212000210022
212111112120002100222
121111121200021002221
211111212000210022211
111112120002100222112

2202000002220021101022
2020000022200211010222
0200000222002110102221
2000002220021101022210
0000022200211010222102
0000222002110102221022
0002220021101022210221
0022200211010222102211
0222002110102221022111
2220021101022210221111
2200211010222102211111
2002110102221022111112
0021101022210221111120
0211010222102211111200
2110102221022111112002
1101022210221111120021
1010222102211111200212
0102221022111112002121
1022210221111120021212
0222102211111200212122
2221022111112002121220
2210221111120021212201
021010122211021220022
210101222110212200221
101012221102122002211
010122211021220022112
101222110212200221122
012221102122002211221
122211021220022112211
222110212200221122110
221102122002211221102
211021220022112211020
110212200221122110200
102122002211221102000
021220022112211020002
212200221122110200021
122002211221102000212
220022112211020002120
200221122110200021202
002211221102000212022
022112211020002120222
221122110200021202220
211221102000212022201
112211020002120222011

2202001012221002201020
2020010122210022010202
0200101222100220102021
2001012221002201020211
0010122210022010202112
0101222100220102021122
1012221002201020211221
0122210022010202112212
1222100220102021122121
2221002201020211221211
2210022010202112212110
2100220102021122121102
1002201020211221211021
0022010202112212110210
0220102021122121102101
2201020211221211021012
2010202112212110210121
0102021122121102101211
1020211221211021012112
0202112212110210121122
2021122121102101211220
0211221211021012112201
021201120221221220012
212011202212212200121
120112022122122001211
201120221221220012111
011202212212200121111
112022122122001211110
120221221220012111102
202212212200121111021
022122122001211110212
221221220012111102122
212212200121111021221
122122001211110212210
221220012111102122102
212200121111021221021
122001211110212210210
220012111102122102102
200121111021221021022
001211110212210210220
012111102122102102202
121111021221021022020
211110212210210220201
111102122102102202012

2202100002221202201002
2021000022212022010020
0210000222120220100201
2100002221202201002011
1000022212022010020112
0000222120220100201122
0002221202201002011221
0022212022010020112211
0222120220100201122111
2221202201002011221111
2212022010020112211111
2120220100201122111112
1202201002011221111121
2022010020112211111210
0220100201122111112101
2201002011221111121011
2010020112211111210112
0100201122111112101121
1002011221111121011212
0020112211111210112122
0201122111112101121220
2011221111121011212201
011201120211221220012
112011202112212200121
120112021122122001210
201120211221220012101
011202112212200121011
112021122122001210111
120211221220012101112
202112212200121011120
021122122001210111202
211221220012101112022
112212200121011120220
122122001210111202200
221220012101112022002
212200121011120220021
122001210111202200210
220012101112022002102
200121011120220021022
001210111202200210222
012101112022002102222
121011120220021022220
210111202200210222201
101112022002102222012

2202001012201112201020
2020010122011122010202
0200101220111220102021
2001012201112201020211
0010122011122010202112
0101220111220102021122
1012201112201020211221
0122011122010202112212
1220111220102021122121
2201112201020211221211
2011122010202112212110
0111220102021122121102
1112201020211221211021
1122010202112212110210
1220102021122121102101
2201020211221211021011
2010202112212110210112
0102021122121102101121
1020211221211021011212
0202112212110210112122
2021122121102101121220
0211221211021011212201
022221120211221220010
222211202112212200101
222112021122122001011
221120211221220010111
211202112212200101111
112021122122001011110
120211221220010111102
202112212200101111022
021122122001011110222
211221220010111102220
112212200101111022200
122122001011110222000
221220010111102220002
212200101111022200021
122001011110222000212
220010111102220002122
200101111022200021222
001011110222000212222
010111102220002122222
101111022200021222220
011110222000212222201
111102220002122222012

2202001012221102201000
2020010122211022010002
0200101222110220100021
2001012221102201000211
0010122211022010002112
0101222110220100021122
1012221102201000211221
0122211022010002112212
1222110220100021122121
2221102201000211221211
2211022010002112212110
2110220100021122121102
1102201000211221211021
1022010002112212110212
0220100021122121102121
2201000211221211021211
2010002112212110212112
0100021122121102121121
1000211221211021211212
0002112212110212112122
0021122121102121121220
0211221211021211212201
121201120211221220012
212011202112212200121
120112021122122001211
201120211221220012111
011202112212200121111
112021122122001211111
120211221220012111112
202112212200121111122
021122122001211111222
211221220012111112222
112212200121111122222
122122001211111222220
221220012111112222202
212200121111122222021
122001211111222220210
220012111112222202102
200121111122222021022
001211111222220210222
012111112222202102222
121111122222021022220
211111222220210222200
111112222202102222002

2202001012121002201002
2020010121210022010022
0200101212100220100221
2001012121002201002211
0010121210022010022112
0101212100220100221122
1012121002201002211221
0121210022010022112212
1212100220100221122121
2121002201002211221211
1210022010022112212110
2100220100221122121102
1002201002211221211021
0022010022112212110210
0220100221122121102101
2201002211221211021011
2010022112212110210111
0100221122121102101111
1002211221211021011112
0022112212110210111122
0221122121102101111220
2211221211021011112201
021201120211220210212
212011202112202102121
120112021122021021211
201120211220210212111
011202112202102121111
112021122021021211111
120211220210212111112
202112202102121111121
021122021021211111212
211220210212111112122
112202102121111121220
122021021211111212200
220210212111112122002
202102121111121220021
021021211111212200210
210212111112122002102
102121111121220021022
021211111212200210222
212111112122002102222
121111121220021022220
211111212200210222201
111112122002102222011

2202100012211202201002
2021000122112022010020
0210001221120220100201
2100012211202201002011
1000122112022010020112
0001221120220100201122
0012211202201002011221
0122112022010020112211
1221120220100201122111
2211202201002011221111
2112022010020112211111
1120220100201122111112
1202201002011221111121
2022010020112211111210
0220100201122111112101
2201002011221111121011
2010020112211111210112
0100201122111112101121
1002011221111121011212
0020112211111210112122
0201122111112101121220
2011221111121011212201
011000220211221220012
110002202112212200121
100022021122122001210
000220211221220012101
002202112212200121011
022021122122001210111
220211221220012101112
202112212200121011120
021122122001210111202
211221220012101112022
112212200121011120220
122122001210111202200
221220012101112022002
212200121011120220021
122001210111202200210
220012101112022002102
200121011120220021022
001210111202200210222
012101112022002102222
121011120220021022220
210111202200210222201
101112022002102222012

2202001012121002201021
2020010121210022010212
0200101212100220102120
2001012121002201021201
0010121210022010212012
0101212100220102120122
1012121002201021201221
0121210022010212012212
1212100220102120122121
2121002201021201221211
1210022010212012212110
2100220102120122121102
1002201021201221211021
0022010212012212110210
0220102120122121102101
2201021201221211021011
2010212012212110210111
0102120122121102101111
1021201221211021011111
0212012212110210111112
2120122121102101111120
1201221211021011111201
022221120211200210212
222211202112002102121
222112021120021021211
221120211200210212111
211202112002102121111
112021120021021211111
120211200210212111112
202112002102121111121
021120021021211111212
211200210212111112122
112002102121111121220
120021021211111212200
200210212111112122002
002102121111121220021
021021211111212200210
210212111112122002100
102121111121220021002
021211111212200210020
212111112122002100202
121111121220021002020
211111212200210020201
111112122002100202011

2202021002201002021020
2020210022010020210202
0202100220100202102021
2021002201002021020211
0210022010020210202112
2100220100202102021122
1002201002021020211221
0022010020210202112212
0220100202102021122121
2201002021020211221211
2010020210202112212110
0100202102021122121102
1002021020211221211021
0020210202112212110210
0202102021122121102100
2021020211221211021002
0210202112212110210021
2102021122121102100211
1020211221211021002112
0202112212110210021122
2021122121102100211220
0211221211021002112200
022001120221221021212
220011202212210212121
200112022122102121212
001120221221021212121
011202212210212121211
112022122102121212111
120221221021212121112
202212210212121211122
022122102121212111222
221221021212121112222
212210212121211122221
122102121212111222210
221021212121112222102
210212121211122221021
102121212111222210210
021212121112222102102
212121211122221021022
121212111222210210220
212121112222102102201
121211122221021022010
212111222210210220100
121112222102102201002

2202001002021000201022
2020010020210002010222
0200100202100020102221
2001002021000201022210
0010020210002010222102
0100202100020102221022
1002021000201022210221
0020210002010222102211
0202100020102221022111
2021000201022210221111
0210002010222102211110
2100020102221022111102
1000201022210221111021
0002010222102211110210
0020102221022111102101
0201022210221111021011
2010222102211110210112
0102221022111102101121
1022210221111021011212
0222102211110210112122
2221022111102101121220
2210221111021011212201
021200100211221220012
212001002112212200121
120010021122122001211
200100211221220012111
001002112212200121111
010021122122001211111
100211221220012111112
002112212200121111121
021122122001211111212
211221220012111112120
112212200121111121200
122122001211111212000
221220012111112120002
212200121111121200021
122001211111212000210
220012111112120002100
200121111121200021002
001211111212000210022
012111112120002100222
121111121200021002220
211111212000210022201
111112120002100222012

2202001012222020221002
2020010122220202210022
0200101222202022100221
2001012222020221002211
0010122220202210022112
0101222202022100221122
1012222020221002211221
0122220202210022112211
1222202022100221122110
2222020221002211221100
2220202210022112211000
2202022100221122110002
2020221002211221100022
0202210022112211000220
2022100221122110002200
0221002211221100022001
2210022112211000220012
2100221122110002200121
1002211221100022001212
0022112211000220012122
0221122110002200121220
2211221100022001212201
022201120211200210021
222011202112002100211
220112021120021002111
201120211200210021111
011202112002100211111
112021120021002111111
120211200210021111112
202112002100211111121
021120021002111111212
211200210021111112122
112002100211111121220
120021002111111212200
200210021111112122002
002100211111121220021
021002111111212200212
210021111112122002122
100211111121220021222
002111111212200212220
021111112122002122202
211111121220021222021
111111212200212220211
111112122002122202112

2202001012221002201002
2020010122210022010022
0200101222100220100221
2001012221002201002211
0010122210022010022112
0101222100220100221122
1012221002201002211221
0122210022010022112211
1222100220100221122111
2221002201002211221111
2210022010022112211110
2100220100221122111102
1002201002211221111021
0022010022112211110210
0220100221122111102101
2201002211221111021011
2010022112211110210112
0100221122111102101121
1002211221111021011212
0022112211110210112122
0221122111102101121220
2211221111021011212201
021201120211221220012
212011202112212200121
120112021122122001211
201120211221220012111
011202112212200121111
112021122122001211111
120211221220012111112
202112212200121111121
021122122001211111212
211221220012111112122
112212200121111121220
122122001211111212200
221220012111112122002
212200121111121220021
122001211111212200210
220012111112122002102
200121111121220021022
001211111212200210222
012111112122002102222
121111121220021022220
211111212200210222201
111112122002102222012

2001110222121220102021
0011102221212201020210
0111022212122010202100
1110222121220102021001
1102221212201020210010
1022212122010202100102
0222121220102021001022
2221212201020210010222
2212122010202100102221
2121220102021001022211
1212201020210010222110
2122010202100102221102
1220102021001022211022
2201020210010222110221
2010202100102221102210
0102021001022211022101
1020210010222110221012
0202100102221102210121
2021001022211022101211
0210010222110221012112
2100102221102210121120
1001022211022101211201
012120222210210011101
121202222102100111011
212022221021001110111
120222210210011101110
202222102100111011102
022221021001110111021
222210210011101110211
222102100111011102112
221021001110111021121
210210011101110211211
102100111011102112112
021001110111021121120
210011101110211211202
100111011102112112020
001110111021121120202
011101110211211202020
111011102112112020202
110111021121120202020
101110211211202020201
011102112112020202010
111021121120202020100
110211211202020201001

2202001002221000201020
2020010022210002010202
0200100222100020102021
2001002221000201020210
0010022210002010202102
0100222100020102021022
1002221000201020210221
0022210002010202102211
0222100020102021022111
2221000201020210221111
2210002010202102211111
2100020102021022111112
1000201020210221111121
0002010202102211111210
0020102021022111112101
0201020210221111121011
2010202102211111210112
0102021022111112101121
1020210221111121011212
0202102211111210112122
2021022111112101121220
0210221111121011212201
021000100211221220012
210001002112212200122
100010021122122001221
000100211221220012211
001002112212200122111
010021122122001221111
100211221220012211112
002112212200122111121
021122122001221111212
211221220012211112120
112212200122111121200
122122001221111212000
221220012211112120002
212200122111121200021
122001221111212000210
220012211112120002100
200122111121200021002
001221111212000210022
012211112120002100222
122111121200021002220
221111212000210022201
211112120002100222012

2201001012021002201000
2010010120210022010002
0100101202100220100021
1001012021002201000210
0010120210022010002102
0101202100220100021022
1012021002201000210222
0120210022010002102222
1202100220100021022221
2021002201000210222211
0210022010002102222111
2100220100021022221112
1002201000210222211121
0022010002102222111210
0220100021022221112101
2201000210222211121011
2010002102222111210111
0100021022221112101111
1000210222211121011112
0002102222111210111122
0021022221112101111220
0210222211121011112201
021201120211201220012
212011202112012200122
120112021120122001221
201120211201220012211
011202112012200122111
112021120122001221111
120211201220012211112
202112012200122111121
021120122001221111212
211201220012211112122
112012200122111121220
120122001221111212200
201220012211112122002
012200122111121220021
122001221111212200210
220012211112122002102
200122111121220021022
001221111212200210222
012211112122002102222
122111121220021022220
221111212200210222201
211112122002102222011

2202002012222120221000
2020020122221202210002
0200201222212022100021
2002012222120221000211
0020122221202210002112
0201222212022100021122
2012222120221000211221
0122221202210002112212
1222212022100021122120
2222120221000211221200
2221202210002112212000
2212022100021122120002
2120221000211221200022
1202210002112212000222
2022100021122120002221
0221000211221200022211
2210002112212000222112
2100021122120002221121
1000211221200022211212
0002112212000222112122
0021122120002221121220
0211221200022211212201
022001120211220010021
220011202112200100211
200112021122001002112
001120211220010021121
011202112200100211211
112021122001002112111
120211220010021121112
202112200100211211122
021122001002112111222
211220010021121112222
112200100211211122222
122001002112111222220
220010021121112222202
200100211211122222021
001002112111222220212
010021121112222202122
100211211122222021222
002112111222220212220
021121112222202122202
211211122222021222020
112111222220212220200
121112222202122202002

2202001012221002201002
2020010122210022010022
0200101222100220100221
2001012221002201002211
0010122210022010022112
0101222100220100221122
1012221002201002211221
0122210022010022112212
1222100220100221122121
2221002201002211221211
2210022010022112212110
2100220100221122121102
1002201002211221211021
0022010022112212110210
0220100221122121102101
2201002211221211021011
2010022112212110210111
0100221122121102101111
1002211221211021011112
0022112212110210111122
0221122121102101111220
2211221211021011112201
021201120211221220012
212011202112212200121
120112021122122001211
201120211221220012111
011202112212200121111
112021122122001211111
120211221220012111112
202112212200121111121
021122122001211111212
211221220012111112122
112212200121111121220
122122001211111212200
221220012111112122002
212200121111121220021
122001211111212200210
220012111112122002102
200121111121220021022
001211111212200210222
012111112122002102222
121111121220021022220
211111212200210222201
111112122002102222012

2202001012121102201002
2020010121211022010022
0200101212110220100221
2001012121102201002211
0010121211022010022112
0101212110220100221122
1012121102201002211221
0121211022010022112212
1212110220100221122121
2121102201002211221211
1211022010022112212110
2110220100221122121102
1102201002211221211021
1022010022112212110210
0220100221122121102101
2201002211221211021011
2010022112212110210111
0100221122121102101111
1002211221211021011112
0022112212110210111122
0221122121102101111220
2211221211021011112201
021201120211220210212
212011202112202102121
120112021122021021211
201120211220210212111
011202112202102121111
112021122021021211111
120211220210212111112
202112202102121111121
021122021021211111212
211220210212111112122
112202102121111121220
122021021211111212200
220210212111112122002
202102121111121220021
021021211111212200210
210212111112122002102
102121111121220021022
021211111212200210222
212111112122002102222
121111121220021022220
211111212200210222201
111112122002102222012

2202021002201112201020
2020210022011122010202
0202100220111220102021
2021002201112201020211
0210022011122010202112
2100220111220102021122
1002201112201020211221
0022011122010202112212
0220111220102021122121
2201112201020211221211
2011122010202112212110
0111220102021122121102
1112201020211221211021
1122010202112212110210
1220102021122121102100
2201020211221211021002
2010202112212110210021
0102021122121102100211
1020211221211021002112
0202112212110210021122
2021122121102100211220
0211221211021002112200
122201120221201221012
222011202212012210121
220112022120122101211
201120221201221012111
011202212012210121111
112022120122101211110
120221201221012111102
202212012210121111021
022120122101211110212
221201221012111102120
212012210121111021201
120122101211110212010
201221012111102120102
012210121111021201021
122101211110212010210
221012111102120102102
210121111021201021022
101211110212010210220
012111102120102102202
121111021201021022021
211110212010210220210
111102120102102202102

2202001002221000201002
2020010022210002010022
0200100222100020100221
2001002221000201002210
0010022210002010022102
0100222100020100221022
1002221000201002210221
0022210002010022102211
0222100020100221022111
2221000201002210221110
2210002010022102211100
2100020100221022111002
1000201002210221110021
0002010022102211100210
0020100221022111002101
0201002210221110021011
2010022102211100210112
0100221022111002101121
1002210221110021011212
0022102211100210112122
0221022111002101121220
2210221110021011212201
021000100211221220012
210001002112212200121
100010021122122001211
000100211221220012111
001002112212200121111
010021122122001211111
100211221220012111112
002112212200121111121
021122122001211111212
211221220012111112120
112212200121111121200
122122001211111212000
221220012111112120002
212200121111121200021
122001211111212000210
220012111112120002100
200121111121200021002
001211111212000210022
012111112120002100222
121111121200021002220
211111212000210022201
111112120002100222012

