Generation 699:
2020211222222210220210
0202112222222102202101
2021122222221022021010
0211222222210220210102
2112222222102202101021
1122222221022021010210
1222222210220210102101
2222222102202101021010
2222221022021010210101
2222210220210102101011
2222102202101021010110
2221022021010210101102
2210220210102101011020
2102202101021010110201
1022021010210101102011
0220210102101011020111
2202101021010110201110
2021010210101102011101
0210102101011020111012
2101021010110201110122
1010210101102011101221
0102101011020111012212
210022111101201122121
100221111012011221210
002211110120112212101
022111101201122121011
221111012011221210111
211110120112212101111
111101201122121011111
111012011221210111111
110120112212101111110
101201122121011111100
012011221210111111000
120112212101111110002
201122121011111100022
011221210111111000222
112212101111110002222
122121011111100022221
221210111111000222210
212101111110002222102
121011111100022221021
210111111000222210211
101111110002222102111
011111100022221021112

2020210202222112220210
0202102022221122202101
2021020222211222021010
0210202222112220210102
2102022221122202101021
1020222211222021010211
0202222112220210102111
2022221122202101021111
0222211222021010211111
2222112220210102111111
2221122202101021111110
2211222021010211111102
2112220210102111111020
1122202101021111110201
1222021010211111102011
2220210102111111020111
2202101021111110201112
2021010211111102011122
0210102111111020111222
2101021111110201112222
1010211111102011122221
0102111111020111222212
210022211122201122121
100222111222011221210
002221112220112212101
022211122201122121011
222111222011221210111
221112220112212101111
211122201122121011111
111222011221210111111
112220112212101111110
122201122121011111100
222011221210111111000
220112212101111110002
201122121011111100022
011221210111111000222
112212101111110002222
122121011111100022221
221210111111000222212
212101111110002222122
121011111100022221221
210111111000222212211
101111110002222122110
011111100022221221102

2010120202101202011200
0101202021012020112001
1012020210120201120011
0120202101202011200110
1202021012020112001100
2020210120201120011000
0202101202011200110000
2021012020112001100001
0210120201120011000011
2101202011200110000111
1012020112001100001112
0120201120011000011121
1202011200110000111210
2020112001100001112100
0201120011000011121000
2011200110000111210002
0112001100001112100021
1120011000011121000211
1200110000111210002112
2001100001112100021121
0011000011121000211212
0110000111210002112122
120112011021211212111
201120110212112121110
011201102121121211100
112011021211212111002
120110212112121110020
201102121121211100202
011021211212111002020
110212112121110020201
102121121211100202012
021211212111002020121
212112121110020201210
121121211100202012102
211212111002020121022
112121110020201210221
121211100202012102210
212111002020121022100
121110020201210221001
211100202012102210010
111002020121022100101
110020201210221001012
100202012102210010121
002020121022100101212

0010121202000200011200
0101212020002000112001
1012120200020001120011
0121202000200011200110
1212020002000112001100
2120200020001120011000
1202000200011200110002
2020002000112001100021
0200020001120011000211
2000200011200110002111
0002000112001100021112
0020001120011000211120
0200011200110002111200
2000112001100021112001
0001120011000211120010
0011200110002111200102
0112001100021112001021
1120011000211120010211
1200110002111200102112
2001100021112001021121
0011000211120010211212
0110002111200102112122
110112011121211212111
101120111212112121110
011201112121121211100
112011121211212111002
120111212112121110021
201112121121211100212
011121211212111002120
111212112121110021201
112121121211100212010
121211212111002120101
212112121110021201011
121121211100212010112
211212111002120101122
112121110021201011222
121211100212010112222
212111002120101122220
121110021201011222200
211100212010112222000
111002120101122220001
110021201011222200011
100212010112222000111
002120101122220001112

2020210202202212220210
0202102022022122202101
2021020220221222021010
0210202202212220210102
2102022022122202101021
1020220221222021010211
0202202212220210102111
2022022122202101021111
0220221222021010211111
2202212220210102111111
2022122202101021111110
0221222021010211111102
2212220210102111111020
2122202101021111110201
1222021010211111102011
2220210102111111020111
2202101021111110201112
2021010211111102011121
0210102111111020111212
2101021111110201112122
1010211111102011121221
0102111111020111212212
110022111112201122121
100221111122011221210
002211111220112212100
022111112201122121001
221111122011221210011
211111220112212100111
111112201122121001111
111122011221210011111
111220112212100111110
112201122121001111100
122011221210011111000
220112212100111110002
201122121001111100022
011221210011111000222
112212100111110002222
122121001111100022221
221210011111000222212
212100111110002222122
121001111100022221221
210011111000222212211
100111110002222122110
001111100022221221102

1222211120000212201120
2222111200002122011202
2221112000021220112020
2211120000212201120202
2111200002122011202022
1112000021220112020220
1120000212201120202201
1200002122011202022011
2000021220112020220110
0000212201120202201100
0002122011202022011001
0021220112020220110012
0212201120202201100120
2122011202022011001201
1220112020220110012011
2201120202201100120111
2011202022011001201112
0112020220110012011121
1120202201100120111210
1202022011001201112102
2020220110012011121021
0202201100120111210212
110211011121021122111
102110111210211221111
021101112102112211111
211011121021122111111
110111210211221111112
101112102112211111122
011121021122111111220
111210211221111112202
112102112211111122021
121021122111111220210
210211221111112202101
102112211111122021012
021122111111220210122
211221111112202101222
112211111122021012222
122111111220210122220
221111112202101222200
211111122021012222002
111111220210122220021
111112202101222200211
111122021012222002111
111220210122220021111

2022121202202210220210
0221212022022102202101
2212120220221022021010
2121202202210220210102
1212022022102202101021
2120220221022021010210
1202202210220210102101
2022022102202101021011
0220221022021010210111
2202210220210102101111
2022102202101021011112
0221022021010210111122
2210220210102101111220
2102202101021011112201
1022021010210111122011
0220210102101111220111
2202101021011112201110
2021010210111122011101
0210102101111220111012
2101021011112201110121
1010210111122011101211
0102101111220111012112
111022111121201112111
110221111212011121110
102211112120111211102
022111121201112111021
221111212011121110211
211112120111211102112
111121201112111021121
111212011121110211211
112120111211102112110
121201112111021121101
212011121110211211011
120111211102112110112
201112111021121101120
011121110211211011202
111211102112110112022
112111021121101120221
121110211211011202210
211102112110112022100
111021121101120221001
110211211011202210011
102112110112022100111
021121101120221001112

2020210222022212021210
0202102220222120212101
2021022202221202121010
0210222022212021210102
2102220222120212101021
1022202221202121010211
0222022212021210102111
2220222120212101021112
2202221202121010211121
2022212021210102111210
0222120212101021112100
2221202121010211121002
2212021210102111210020
2120212101021112100201
1202121010211121002011
2021210102111210020112
0212101021112100201120
2121010211121002011202
1210102111210020112022
2101021112100201120222
1010211121002011202221
0102111210020112022212
210022211221201222111
100222112212012221111
002221122120122211111
022211221201222111112
222112212012221111121
221122120122211111211
211221201222111112111
112212012221111121111
122120122211111211110
221201222111112111100
212012221111121111000
120122211111211110002
201222111112111100022
012221111121111000222
122211111211110002222
222111112111100022221
221111121111000222212
211111211110002222122
111112111100022221221
111121111000222212212
111211110002222122121
112111100022221221212

2020210202222112220210
0202102022221122202101
2021020222211222021010
0210202222112220210102
2102022221122202101021
1020222211222021010211
0202222112220210102111
2022221122202101021111
0222211222021010211111
2222112220210102111111
2221122202101021111110
2211222021010211111102
2112220210102111111020
1122202101021111110201
1222021010211111102011
2220210102111111020111
2202101021111110201112
2021010211111102011122
0210102111111020111222
2101021111110201112222
1010211111102011122221
0102111111020111222212
210022211122201122121
100222111222011221210
002221112220112212101
022211122201122121011
222111222011221210111
221112220112212101111
211122201122121011111
111222011221210111111
112220112212101111110
122201122121011111100
222011221210111111000
220112212101111110002
201122121011111100022
011221210111111000222
112212101111110002222
122121011111100022221
221210111111000222212
212101111110002222122
121011111100022221221
210111111000222212211
101111110002222122110
011111100022221221102

1002210202222112220210
0022102022221122202101
0221020222211222021011
2210202222112220210112
2102022221122202101121
1020222211222021011211
0202222112220210112111
2022221122202101121111
0222211222021011211111
2222112220210112111111
2221122202101121111110
2211222021011211111102
2112220210112111111020
1122202101121111110201
1222021011211111102011
2220210112111111020111
2202101121111110201112
2021011211111102011121
0210112111111020111212
2101121111110201112122
1011211111102011121221
0112111111020111212212
010022211122201112121
100222111222011121210
002221112220111212101
022211122201112121012
222111222011121210121
221112220111212101211
211122201112121012111
111222011121210121111
112220111212101211110
122201112121012111100
222011121210121111001
220111212101211110012
201112121012111100122
011121210121111001222
111212101211110012222
112121012111100122221
121210121111001222212
212101211110012222122
121012111100122221221
210121111001222212211
101211110012222122111
012111100122221221112

2020210202222202221010
0202102022222022210101
2021020222220222101010
0210202222202221010102
2102022222022210101021
1020222220222101010211
0202222202221010102111
2022222022210101021111
0222220222101010211111
2222202221010102111111
2222022210101021111110
2220222101010211111102
2202221010102111111020
2022210101021111110200
0222101010211111102001
2221010102111111020011
2210101021111110200110
2101010211111102001101
1010102111111020011012
0101021111110200110122
1010211111102001101221
0102111111020011012212
110022211112201222111
100222111122012221110
002221111220122211100
022211112201222111001
222111122012221110010
221111220122211100102
211112201222111001021
111122012221110010211
111220122211100102110
112201222111001021101
122012221110010211010
220122211100102110102
201222111001021101022
012221110010211010222
122211100102110102222
222111001021101022221
221110010211010222212
211100102110102222122
111001021101022221221
110010211010222212211
100102110102222122111
001021101022221221111

1002211222222212220210
0022112222222122202101
0221122222221222021010
2211222222212220210100
2112222222122202101001
1122222221222021010010
1222222212220210100101
2222222122202101001010
2222221222021010010101
2222212220210100101010
2222122202101001010100
2221222021010010101002
2212220210100101010020
2122202101001010100201
1222021010010101002010
2220210100101010020101
2202101001010100201010
2021010010101002010101
0210100101010020101012
2101001010100201010122
1010010101002010101221
0100101010020101012210
210021121201211222121
100211212012112221210
002112120121122212102
021121201211222121021
211212012112221210210
112120121122212102101
121201211222121021011
212012112221210210111
120121122212102101110
201211222121021011100
012112221210210111001
121122212102101110012
211222121021011100122
112221210210111001221
122212102101110012211
222121021011100122111
221210210111001221112
212102101110012211122
121021011100122111221
210210111001221112211
102101110012211122110
021011100122111221102

2020210202222112220210
0202102022221122202101
2021020222211222021010
0210202222112220210102
2102022221122202101021
1020222211222021010211
0202222112220210102111
2022221122202101021111
0222211222021010211111
2222112220210102111110
2221122202101021111100
2211222021010211111002
2112220210102111110020
1122202101021111100201
1222021010211111002011
2220210102111110020112
2202101021111100201122
2021010211111002011222
0210102111110020112222
2101021111100201122222
1010211111002011222221
0102111110020112222212
210022211122201122121
100222111222011221210
002221112220112212101
022211122201122121012
222111222011221210121
221112220112212101211
211122201122121012111
111222011221210121111
112220112212101211110
122201122121012111100
222011221210121111000
220112212101211110002
201122121012111100022
011221210121111000222
112212101211110002222
122121012111100022221
221210121111000222212
212101211110002222122
121012111100022221221
210121111000222212211
101211110002222122110
012111100022221221102

0020111020000210121210
0201110200002101212101
2011102000021012121010
0111020000210121210102
1110200002101212101022
1102000021012121010221
1020000210121210102212
0200002101212101022120
2000021012121010221200
0000210121210102212000
0002101212101022120002
0021012121010221200020
0210121210102212000200
2101212101022120002000
1012121010221200020000
0121210102212000200002
1212101022120002000021
2121010221200020000211
1210102212000200002112
2101022120002000021121
1010221200020000211212
0102212000200002112122
011021011212010222111
110210112120102221110
102101121201022211102
021011212010222111022
210112120102221110222
101121201022211102222
011212010222111022221
112120102221110222210
121201022211102222100
212010222111022221001
120102221110222210010
201022211102222100102
010222111022221001020
102221110222210010202
022211102222100102022
222111022221001020220
221110222210010202200
211102222100102022002
111022221001020220022
110222210010202200221
102222100102022002212
022221001020220022122

2022210202202112220210
0222102022021122202101
2221020220211222021010
2210202202112220210102
2102022021122202101021
1020220211222021010211
0202202112220210102111
2022021122202101021111
0220211222021010211111
2202112220210102111111
2021122202101021111110
0211222021010211111102
2112220210102111111020
1122202101021111110201
1222021010211111102011
2220210102111111020111
2202101021111110201112
2021010211111102011122
0210102111111020111222
2101021111110201112222
1010211111102011122221
0102111111020111222212
110022211122201122121
100222111222011221210
002221112220112212101
022211122201122121011
222111222011221210111
221112220112212101111
211122201122121011111
111222011221210111111
112220112212101111110
122201122121011111100
222011221210111111001
220112212101111110012
201122121011111100122
011221210111111001222
112212101111110012222
122121011111100122221
221210111111001222212
212101111110012222122
121011111100122221221
210111111001222212211
101111110012222122110
011111100122221221102

0020211222222210220210
0202112222222102202101
2021122222221022021010
0211222222210220210102
2112222222102202101021
1122222221022021010211
1222222210220210102111
2222222102202101021111
2222221022021010211111
2222210220210102111110
2222102202101021111100
2221022021010211111002
2210220210102111110020
2102202101021111100201
1022021010211111002011
0220210102111110020112
2202101021111100201122
2021010211111002011221
0210102111110020112212
2101021111100201122121
1010211111002011221211
0102111110020112212110
111021211122201222121
110212111222012221210
102121112220122212102
021211122201222121022
212111222012221210221
121112220122212102211
211122201222121022111
111222012221210221111
112220122212102211110
122201222121022111100
222012221210221111000
220122212102211110002
201222121022111100022
012221210221111000222
122212102211110002222
222121022111100022221
221210221111000222212
212102211110002222122
121022111100022221221
210221111000222212211
102211110002222122110
022111100022221221102

2022211202202210220210
0222112022022102202101
2221120220221022021010
2211202202210220210102
2112022022102202101021
1120220221022021010210
1202202210220210102100
2022022102202101021000
0220221022021010210001
2202210220210102100011
2022102202101021000110
0221022021010210001102
2210220210102100011020
2102202101021000110200
1022021010210001102001
0220210102100011020011
2202101021000110200110
2021010210001102001101
0210102100011020011012
2101021000110200110122
1010210001102001101221
0102100011020011012212
121022111001201122111
210221110012011221110
102211100120112211102
022111001201122111021
221110012011221110210
211100120112211102101
111001201122111021011
110012011221110210111
100120112211102101112
001201122111021011120
012011221110210111201
120112211102101112012
201122111021011120120
011221110210111201201
112211102101112012012
122111021011120120121
221110210111201201211
211102101112012012112
111021011120120121121
110210111201201211211
102101112012012112111
021011120120121121112

2022210222222212220210
0222102222222122202101
2221022222221222021010
2210222222212220210102
2102222222122202101021
1022222221222021010211
0222222212220210102111
2222222122202101021111
2222221222021010211111
2222212220210102111110
2222122202101021111100
2221222021010211111002
2212220210102111110020
2122202101021111100201
1222021010211111002011
2220210102111110020112
2202101021111100201122
2021010211111002011221
0210102111110020112212
2101021111100201122121
1010211111002011221211
0102111110020112212110
210021211111201222111
100212111112012221110
002121111120122211102
021211111201222111022
212111112012221110221
121111120122211102211
211111201222111022111
111112012221110221111
111120122211102211110
111201222111022111100
112012221110221111001
120122211102211110012
201222111022111100122
012221110221111001222
122211102211110012220
222111022111100122201
221110221111001222012
211102211110012220122
111022111100122201221
110221111001222012211
102211110012220122110
022111100122201221102

0010111222020200011210
0101112220202000112101
1011122202020001121010
0111222020200011210100
1112220202000112101000
1122202020001121010001
1222020200011210100012
2220202000112101000122
2202020001121010001221
2020200011210100012210
0202000112101000122102
2020001121010001221020
0200011210100012210200
2000112101000122102000
0001121010001221020000
0011210100012210200002
0112101000122102000021
1121010001221020000211
1210100012210200002112
2101000122102000021121
1010001221020000211210
0100012210200002112102
121101111021211212111
211011110212112121110
110111102121121211102
101111021211212111022
011110212112121110220
111102121121211102202
111021211212111022020
110212112121110220201
102121121211102202012
021211212111022020121
212112121110220201211
121121211102202012112
211212111022020121120
112121110220201211202
121211102202012112022
212111022020121120220
121110220201211202201
211102202012112022010
111022020121120220101
110220201211202201011
102202012112022010111
022020121120220101112

0010211222000200011200
0102112220002000112001
1021122200020001120011
0211222000200011200110
2112220002000112001100
1122200020001120011000
1222000200011200110002
2220002000112001100020
2200020001120011000201
2000200011200110002011
0002000112001100020110
0020001120011000201100
0200011200110002011000
2000112001100020110000
0001120011000201100000
0011200110002011000002
0112001100020110000021
1120011000201100000211
1200110002011000002112
2001100020110000021122
0011000201100000211222
0110002011000002112222
120112011001211222121
201120110012112221210
011201100121122212101
112011001211222121012
120110012112221210120
201100121122212101201
011001211222121012010
110012112221210120101
100121122212101201012
001211222121012010120
012112221210120101201
121122212101201012012
211222121012010120122
112221210120101201221
122212101201012012212
222121012010120122120
221210120101201221201
212101201012012212012
121012010120122120121
210120101201221201211
101201012012212012111
012010120122120121112

2020210202222012221210
0202102022220122212101
2021020222201222121010
0210202222012221210102
2102022220122212101021
1020222201222121010211
0202222012221210102111
2022220122212101021111
0222201222121010211111
2222012221210102111111
2220122212101021111110
2201222121010211111102
2012221210102111111020
0122212101021111110200
1222121010211111102001
2221210102111111020011
2212101021111110200112
2121010211111102001121
1210102111111020011212
2101021111110200112121
1010211111102001121211
0102111111020011212110
010021111122201122120
100211111222011221200
002111112220112212001
021111122201122120011
211111222011221200111
111112220112212001111
111122201122120011110
111222011221200111101
112220112212001111010
122201122120011110100
222011221200111101000
220112212001111010002
201122120011110100022
011221200111101000222
112212001111010002222
122120011110100022220
221200111101000222202
212001111010002222022
120011110100022220221
200111101000222202211
001111010002222022110
011110100022220221102

2020210222222212220210
0202102222222122202101
2021022222221222021010
0210222222212220210102
2102222222122202101021
1022222221222021010211
0222222212220210102111
2222222122202101021111
2222221222021010211111
2222212220210102111110
2222122202101021111100
2221222021010211111002
2212220210102111110020
2122202101021111100201
1222021010211111002011
2220210102111110020111
2202101021111100201112
2021010211111002011121
0210102111110020111212
2101021111100201112122
1010211111002011121221
0102111110020111212212
110021211122201222121
100212111222012221210
002121112220122212101
021211122201222121012
212111222012221210121
121112220122212101211
211122201222121012111
111222012221210121111
112220122212101211110
122201222121012111100
222012221210121111000
220122212101211110002
201222121012111100022
012221210121111000222
122212101211110002220
222121012111100022201
221210121111000222012
212101211110002220122
121012111100022201221
210121111000222012211
101211110002220122110
012111100022201221102

2020210202222112220210
0202102022221122202101
2021020222211222021010
0210202222112220210102
2102022221122202101021
1020222211222021010211
0202222112220210102111
2022221122202101021111
0222211222021010211111
2222112220210102111110
2221122202101021111100
2211222021010211111002
2112220210102111110020
1122202101021111100201
1222021010211111002011
2220210102111110020112
2202101021111100201122
2021010211111002011222
0210102111110020112222
2101021111100201122222
1010211111002011222221
0102111110020112222212
210022211112201122111
100222111122011221110
002221111220112211101
022211112201122111011
222111122011221110111
221111220112211101111
211112201122111011111
111122011221110111111
111220112211101111110
112201122111011111100
122011221110111111000
220112211101111110002
201122111011111100022
011221110111111000222
112211101111110002222
122111011111100022221
221110111111000222210
211101111110002222102
111011111100022221021
110111111000222210211
101111110002222102110
011111100022221021102

2002112220021112021210
0021122200211120212101
0211222002111202121011
2112220021112021210112
1122200211120212101122
1222002111202121011221
2220021112021210112211
2200211120212101122110
2002111202121011221101
0021112021210112211011
0211120212101122110110
2111202121011221101102
1112021210112211011020
1120212101122110110201
1202121011221101102012
2021210112211011020121
0212101122110110201211
2121011221101102012112
1210112211011020121122
2101122110110201211222
1011221101102012112220
0112211011020121122202
010022111122021122120
100221111220211221200
002211112202112212001
022111122021122120011
221111220211221200111
211112202112212001112
111122021122120011121
111220211221200111211
112202112212001112110
122021122120011121100
220211221200111211001
202112212001112110012
021122120011121100122
211221200111211001222
112212001112110012222
122120011121100122220
221200111211001222200
212001112110012222002
120011121100122220022
200111211001222200222
001112110012222002220
011121100122220022202

2020210222202202220210
0202102222022022202101
2021022220220222021010
0210222202202220210102
2102222022022202101021
1022220220222021010211
0222202202220210102111
2222022022202101021111
2220220222021010211111
2202202220210102111111
2022022202101021111110
0220222021010211111102
2202220210102111111020
2022202101021111110201
0222021010211111102011
2220210102111111020112
2202101021111110201122
2021010211111102011221
0210102111111020112212
2101021111110201122121
1010211111102011221212
0102111111020112212122
110021211122201222121
100212111222012221210
002121112220122212102
021211122201222121022
212111222012221210221
121112220122212102211
211122201222121022111
111222012221210221111
112220122212102211110
122201222121022111100
222012221210221111000
220122212102211110001
201222121022111100012
012221210221111000122
122212102211110001220
222121022111100012201
221210221111000122010
212102211110001220102
121022111100012201021
210221111000122010212
102211110001220102121
022111100012201021212

0010111222000200011210
0101112220002000112101
1011122200020001121010
0111222000200011210100
1112220002000112101000
1122200020001121010000
1222000200011210100002
2220002000112101000021
2200020001121010000211
2000200011210100002110
0002000112101000021102
0020001121010000211020
0200011210100002110200
2000112101000021102000
0001121010000211020000
0011210100002110200002
0112101000021102000021
1121010000211020000211
1210100002110200002112
2101000021102000021121
1010000211020000211211
0100002110200002112112
121111011021211212111
211110110212112121110
111101102121121211102
111011021211212111022
110110212112121110220
101102121121211102202
011021211212111022020
110212112121110220201
102121121211102202012
021211212111022020121
212112121110220201211
121121211102202012112
211212111022020121120
112121110220201211202
121211102202012112022
212111022020121120220
121110220201211202201
211102202012112022010
111022020121120220101
110220201211202201011
102202012112022010111
022020121120220101112

0010121202101200011200
0101212021012000112001
1012120210120001120011
0121202101200011200110
1212021012000112001100
2120210120001120011000
1202101200011200110000
2021012000112001100001
0210120001120011000011
2101200011200110000111
1012000112001100001112
0120001120011000011121
1200011200110000111210
2000112001100001112100
0001120011000011121000
0011200110000111210002
0112001100001112100021
1120011000011121000211
1200110000111210002112
2001100001112100021121
0011000011121000211212
0110000111210002112122
121112011021211212111
211120110212112121110
111201102121121211100
112011021211212111002
120110212112121110020
201102121121211100202
011021211212111002020
110212112121110020201
102121121211100202012
021211212111002020121
212112121110020201210
121121211100202012102
211212111002020121022
112121110020201210221
121211100202012102212
212111002020121022120
121110020201210221201
211100202012102212010
111002020121022120101
110020201210221201012
100202012102212010121
002020121022120101212

2002211222202212220200
0022112222022122202001
0221122220221222020010
2211222202212220200100
2112222022122202001001
1122220221222020010011
1222202212220200100111
2222022122202001001110
2220221222020010011101
2202212220200100111011
2022122202001001110110
0221222020010011101102
2212220200100111011020
2122202001001110110201
1222020010011101102010
2220200100111011020101
2202001001110110201010
2020010011101102010101
0200100111011020101012
2001001110110201010122
0010011101102010101222
0100111011020101012222
211021121101211222121
110211211012112221210
102112110121122212102
021121101211222121022
211211012112221210220
112110121122212102201
121101211222121022011
211012112221210220111
110121122212102201110
101211222121022011100
012112221210220111001
121122212102201110011
211222121022011100112
112221210220111001121
122212102201110011211
222121022011100112111
221210220111001121110
212102201110011211102
121022011100112111021
210220111001121110212
102201110011211102120
022011100112111021202

2002210222222112220210
0022102222221122202101
0221022222211222021011
2210222222112220210112
2102222221122202101121
1022222211222021011211
0222222112220210112111
2222221122202101121111
2222211222021011211111
2222112220210112111111
2221122202101121111110
2211222021011211111102
2112220210112111111020
1122202101121111110201
1222021011211111102011
2220210112111111020111
2202101121111110201112
2021011211111102011121
0210112111111020111212
2101121111110201112122
1011211111102011121221
0112111111020111212212
010021211112201112121
100212111122011121210
002121111220111212101
021211112201112121011
212111122011121210111
121111220111212101111
211112201112121011111
111122011121210111111
111220111212101111110
112201112121011111100
122011121210111111001
220111212101111110012
201112121011111100122
011121210111111001222
111212101111110012220
112121011111100122201
121210111111001222010
212101111110012220102
121011111100122201021
210111111001222010211
101111110012220102111
011111100122201021112

2022110220022212221010
0221102200222122210101
2211022002221222101011
2110220022212221010112
1102200222122210101122
1022002221222101011221
0220022212221010112211
2200222122210101122111
2002221222101011221111
0022212221010112211111
0222122210101122111110
2221222101011221111102
2212221010112211111020
2122210101122111110201
1222101011221111102011
2221010112211111020112
2210101122111110201122
2101011221111102011221
1010112211111020112212
0101122111110201122121
1011221111102011221211
0112211111020112212112
210022211112001122110
100222111120011221100
002221111200112211001
022211112001122110011
222111120011221100111
221111200112211001112
211112001122110011121
111120011221100111211
111200112211001112110
112001122110011121100
120011221100111211000
200112211001112110002
001122110011121100022
011221100111211000222
112211001112110002222
122110011121100022220
221100111211000222200
211001112110002222002
110011121100022220021
100111211000222200212
001112110002222002121
011121100022220021212

2020210202222212220210
0202102022222122202101
2021020222221222021010
0210202222212220210102
2102022222122202101021
1020222221222021010211
0202222212220210102111
2022222122202101021111
0222221222021010211111
2222212220210102111110
2222122202101021111100
2221222021010211111002
2212220210102111110020
2122202101021111100201
1222021010211111002011
2220210102111110020111
2202101021111100201112
2021010211111002011121
0210102111110020111212
2101021111100201112122
1010211111002011121221
0102111110020111212210
110021111101201222121
100211111012012221210
002111110120122212102
021111101201222121022
211111012012221210221
111110120122212102211
111101201222121022111
111012012221210221111
110120122212102211110
101201222121022111100
012012221210221111000
120122212102211110002
201222121022111100022
012221210221111000222
122212102211110002220
222121022111100022201
221210221111000222012
212102211110002220122
121022111100022201221
210221111000222012211
102211110002220122110
022111100022201221102

1022010202202202220210
0220102022022022202101
2201020220220222021010
2010202202202220210102
0102022022022202101021
1020220220222021010210
0202202202220210102101
2022022022202101021011
0220220222021010210111
2202202220210102101111
2022022202101021011110
0220222021010210111102
2202220210102101111020
2022202101021011110201
0222021010210111102011
2220210102101111020112
2202101021011110201120
2021010210111102011201
0210102101111020112012
2101021011110201120122
1010210111102011201221
0102101111020112012212
210022011222211122121
100220112222111221210
002201122221112212102
022011222211122121021
220112222111221210211
201122221112212102111
011222211122121021111
112222111221210211111
122221112212102111110
222211122121021111100
222111221210211111000
221112212102111110002
211122121021111100022
111221210211111000222
112212102111110002222
122121021111100022221
221210211111000222210
212102111110002222102
121021111100022221021
210211111000222210211
102111110002222102111
021111100022221021112

1020210202222212220210
0202102022222122202101
2021020222221222021010
0210202222212220210102
2102022222122202101021
1020222221222021010211
0202222212220210102111
2022222122202101021111
0222221222021010211111
2222212220210102111110
2222122202101021111100
2221222021010211111002
2212220210102111110020
2122202101021111100201
1222021010211111002011
2220210102111110020111
2202101021111100201112
2021010211111002011121
0210102111110020111212
2101021111100201112122
1010211111002011121221
0102111110020111212212
110022211122201222111
100222111222012221110
002221112220122211101
022211122201222111012
222111222012221110121
221112220122211101211
211122201222111012111
111222012221110121111
112220122211101211110
122201222111012111100
222012221110121111000
220122211101211110002
201222111012111100022
012221110121111000222
122211101211110002222
222111012111100022221
221110121111000222212
211101211110002222122
111012111100022221221
110121111000222212211
101211110002222122110
012111100022221221102

2020212202222112220210
0202122022221122202101
2021220222211222021010
0212202222112220210102
2122022221122202101021
1220222211222021010211
2202222112220210102111
2022221122202101021110
0222211222021010211101
2222112220210102111011
2221122202101021110110
2211222021010211101102
2112220210102111011020
1122202101021110110201
1222021010211101102012
2220210102111011020121
2202101021110110201212
2021010211101102012122
0210102111011020121222
2101021110110201212222
1010211101102012122220
0102111011020121222202
010022211122221122121
100222111222211221210
002221112222112212101
022211122221122121012
222111222211221210121
221112222112212101211
211122221122121012111
111222211221210121111
112222112212101211110
122221122121012111100
222211221210121111000
222112212101211110002
221122121012111100022
211221210121111000222
112212101211110002222
122121012111100022221
221210121111000222212
212101211110002222122
121012111100022221222
210121111000222212221
101211110002222122210
012111100022221222102

2022210222202212220210
0222102222022122202101
2221022220221222021010
2210222202212220210102
2102222022122202101021
1022220221222021010211
0222202212220210102111
2222022122202101021111
2220221222021010211111
2202212220210102111111
2022122202101021111110
0221222021010211111102
2212220210102111111020
2122202101021111110201
1222021010211111102011
2220210102111111020112
2202101021111110201122
2021010211111102011221
0210102111111020112212
2101021111110201122121
1010211111102011221211
0102111111020112212112
210022211122201122111
100222111222011221110
002221112220112211100
022211122201122111001
222111222011221110011
221112220112211100111
211122201122111001111
111222011221110011111
112220112211100111110
122201122111001111100
222011221110011111001
220112211100111110012
201122111001111100122
011221110011111001222
112211100111110012222
122111001111100122221
221110011111001222210
211100111110012222102
111001111100122221021
110011111001222210211
100111110012222102110
001111100122221021102

2020210202222112220210
0202102022221122202101
2021020222211222021010
0210202222112220210102
2102022221122202101021
1020222211222021010211
0202222112220210102111
2022221122202101021111
0222211222021010211111
2222112220210102111111
2221122202101021111110
2211222021010211111102
2112220210102111111020
1122202101021111110201
1222021010211111102011
2220210102111111020111
2202101021111110201112
2021010211111102011122
0210102111111020111222
2101021111110201112222
1010211111102011122221
0102111111020111222212
210022211122201122121
100222111222011221211
002221112220112212111
022211122201122121111
222111222011221211111
221112220112212111111
211122201122121111111
111222011221211111111
112220112212111111110
122201122121111111100
222011221211111111000
220112212111111110002
201122121111111100022
011221211111111000222
112212111111110002222
122121111111100022221
221211111111000222212
212111111110002222122
121111111100022221221
211111111000222212211
111111110002222122110
111111100022221221102

0012121202101210211210
0121212021012102112101
1212120210121021121011
2121202101210211210112
1212021012102112101120
2120210121021121011200
1202101210211210112000
2021012102112101120001
0210121021121011200011
2101210211210112000111
1012102112101120001110
0121021121011200011101
1210211210112000111010
2102112101120001110100
1021121011200011101000
0211210112000111010002
2112101120001110100021
1121011200011101000211
1210112000111010002112
2101120001110100021121
1011200011101000211212
0112000111010002112122
121112211011201212111
211122110112012121110
111221101120121211100
112211011201212111002
122110112012121110020
221101120121211100201
211011201212111002010
110112012121110020101
101120121211100201012
011201212111002010121
112012121110020101210
120121211100201012102
201212111002010121022
012121110020101210221
121211100201012102212
212111002010121022120
121110020101210221200
211100201012102212000
111002010121022120001
110020101210221200012
100201012102212000121
002010121022120001212

2020010222222212220210
0200102222222122202101
2001022222221222021010
0010222222212220210102
0102222222122202101021
1022222221222021010211
0222222212220210102111
2222222122202101021111
2222221222021010211111
2222212220210102111110
2222122202101021111100
2221222021010211111002
2212220210102111110020
2122202101021111100201
1222021010211111002011
2220210102111110020112
2202101021111100201122
2021010211111002011221
0210102111110020112212
2101021111100201122121
1010211111002011221211
0102111110020112212110
110021211122211222121
100212111222112221210
002121112221122212102
021211122211222121022
212111222112221210221
121112221122212102211
211122211222121022111
111222112221210221111
112221122212102211110
122211222121022111100
222112221210221111000
221122212102211110002
211222121022111100022
112221210221111000222
122212102211110002220
222121022111100022201
221210221111000222012
212102211110002220122
121022111100022201221
210221111000222012211
102211110002220122110
022111100022201221102

1000210202222102020200
0002102022221020202001
0021020222210202020011
0210202222102020200110
2102022221020202001101
1020222210202020011011
0202222102020200110111
2022221020202001101111
0222210202020011011111
2222102020200110111111
2221020202001101111112
2210202020011011111122
2102020200110111111220
1020202001101111112201
0202020011011111122011
2020200110111111220111
0202001101111112201112
2020011011111122011121
0200110111111220111212
2001101111112201112122
0011011111122011121221
0110111111220111212212
010022011122211112111
100220111222111121110
002201112221111211101
022011122211112111011
220111222111121110111
201112221111211101112
011122211112111011121
111222111121110111211
112221111211101112110
122211112111011121100
222111121110111211001
221111211101112110012
211112111011121100122
111121110111211001222
111211101112110012222
112111011121100122221
121110111211001222211
211101112110012222112
111011121100122221121
110111211001222211211
101112110012222112111
011121100122221121112

2022210202202212220200
0222102022022122202001
2221020220221222020010
2210202202212220200102
2102022022122202001021
1020220221222020010211
0202202212220200102111
2022022122202001021111
0220221222020010211111
2202212220200102111111
2022122202001021111110
0221222020010211111102
2212220200102111111020
2122202001021111110201
1222020010211111102011
2220200102111111020112
2202001021111110201120
2020010211111102011201
0200102111111020112012
2001021111110201120122
0010211111102011201221
0102111111020112012212
211022011122201122121
110220111222011221210
102201112220112212102
022011122201122121022
220111222011221210221
201112220112212102211
011122201122121022111
111222011221210221111
112220112212102211110
122201122121022111100
222011221210221111000
220112212102211110002
201122121022111100022
011221210221111000222
112212102211110002222
122121022111100022221
221210221111000222210
212102211110002222102
121022111100022221021
210221111000222210211
102211110002222102110
022111100022221021102

