Generation 699:
22121202220100022021
21212022201000220211
12120222010002202110
21202220100022021100
12022201000220211002
20222010002202110021
02220100022021100211
22201000220211002111
22010002202110021110
20100022021100211102
01000220211002111020
10002202110021110201
00022021100211102012
00220211002111020122
02202110021110201220
22021100211102012202
20211002111020122020
02110021110201220200
21100211102012202000
11002111020122020000
0201102211212212012
2011022112122120121
0110221121221201212
1102211212212012120
1022112122120121201
0221121221201212012
2211212212012120120
2112122120121201202
1121221201212012022
1212212012120120221
2122120121201202212
1221201212012022120
2212012120120221200
2120121201202212001
1201212012022120011
2012120120221200110
0121201202212001102
1212012022120011020
2120120221200110202
1201202212001102021

20100220220102010210
01002202201020102101
10022022010201021011
00220220102010210110
02202201020102101102
22022010201021011022
20220102010210110221
02201020102101102212
22010201021011022121
20102010210110221210
01020102101102212100
10201021011022121001
02010210110221210012
20102101102212100122
01021011022121001220
10210110221210012202
02101102212100122020
21011022121001220201
10110221210012202010
01102212100122020100
1221201220212221221
2212012202122212211
2120122021222122111
1201220212221221112
2012202122212211121
0122021222122111211
1220212221221112110
2202122212211121101
2021222122111211012
0212221221112110120
2122212211121101202
1222122111211012021
2221221112110120210
2212211121101202101
2122111211012021010
1221112110120210102
2211121101202101021
2111211012021010212
1112110120210102121
1121101202101021210

00100200220210012221
01002002202100122211
10020022021001222112
00200220210012221120
02002202100122211201
20022021001222112011
00220210012221120110
02202100122211201100
22021001222112011000
20210012221120110000
02100122211201100002
21001222112011000022
10012221120110000221
00122211201100002212
01222112011000022120
12221120110000221200
22211201100002212000
22112011000022120000
21120110000221200002
11201100002212000020
2201101021212012012
2011010212120120121
0110102121201201212
1101021212012012120
1010212120120121202
0102121201201212022
1021212012012120220
0212120120121202201
2121201201212022012
1212012012120220120
2120120121202201202
1201201212022012020
2012012120220120200
0120121202201202000
1201212022012020001
2012120220120200012
0121202201202000120
1212022012020001202
2120220120200012022
1202201202000120220

00100222020210012121
01002220202100121211
10022202021001212111
00222020210012121110
02220202100121211100
22202021001212111001
22020210012121110010
20202100121211100101
02021001212111001010
20210012121110010102
02100121211100101022
21001212111001010222
10012121110010102222
00121211100101022222
01212111001010222220
12121110010102222200
21211100101022222000
12111001010222220000
21110010102222200002
11100101022222000020
0201201021212012012
2012010212120120121
0120102121201201212
1201021212012012120
2010212120120121202
0102121201201212022
1021212012012120220
0212120120121202202
2121201201212022022
1212012012120220220
2120120121202202202
1201201212022022022
2012012120220220221
0120121202202202210
1201212022022022101
2012120220220221012
0121202202202210120
1212022022022101202
2120220220221012022
1202202202210120221

20222200210110012221
02222002101100122211
22220021011001222111
22200210110012221110
22002101100122211102
20021011001222111021
00210110012221110211
02101100122211102112
21011001222111021120
10110012221110211201
01100122211102112012
11001222111021120122
10012221110211201221
00122211102112012212
01222111021120122120
12221110211201221200
22211102112012212000
22111021120122120002
21110211201221200021
11102112012212000210
1221112201012221212
2211122010122212121
2111220101222121211
1112201012221212112
1122010122212121121
1220101222121211211
2201012221212112110
2010122212121121101
0101222121211211010
1012221212112110100
0122212121121101001
1222121211211010011
2221212112110100110
2212121121101001101
2121211211010011011
1212112110100110112
2121121101001101120
1211211010011011202
2112110100110112022
1121101001101120220

00101200220000012221
01012002200000122211
10120022000001222110
01200220000012221100
12002200000122211001
20022000001222110012
00220000012221100120
02200000122211001201
22000001222110012010
20000012221100120102
00000122211001201020
00001222110012010202
00012221100120102021
00122211001201020212
01222110012010202120
12221100120102021200
22211001201020212000
22110012010202120000
21100120102021200002
11001201020212000022
0210112200222112012
2101122002221120121
1011220022211201211
0112200222112012112
1122002221120121122
1220022211201211222
2200222112012112222
2002221120121122222
0022211201211222222
0222112012112222221
2221120121122222212
2211201211222222120
2112012112222221200
1120121122222212001
1201211222222120011
2012112222221200110
0121122222212001102
1211222222120011022
2112222221200110222
1122222212001102221

02101102020010012221
21011020200100122211
10110202001001222112
01102020010012221120
11020200100122211200
10202001001222112001
02020010012221120012
20200100122211200121
02001001222112001210
20010012221120012102
00100122211200121020
01001222112001210202
10012221120012102021
00122211200121020210
01222112001210202100
12221120012102021000
22211200121020210000
22112001210202100000
21120012102021000002
11200121020210000022
2210102220222212212
2101022202222122121
1010222022221221211
0102220222212212112
1022202222122121121
0222022221221211212
2220222212212112122
2202222122121121221
2022221221211212212
0222212212112122121
2222122121121221212
2221221211212212122
2212212112122121220
2122121121221212201
1221211212212122011
2212112122121220110
2121121221212201102
1211212212122011020
2112122121220110202
1121221212201102021

20200201220210012221
02002012202100122211
20020122021001222110
00201220210012221100
02012202100122211001
20122021001222110012
01220210012221100120
12202100122211001200
22021001222110012000
20210012221100120000
02100122211001200002
21001222110012000022
10012221100120000222
00122211001200002222
01222110012000022220
12221100120000222200
22211001200002222000
22110012000022220002
21100120000222200021
11001200002222000210
0201202200012212012
2012022000122120121
0120220001221201212
1202200012212012120
2022000122120121202
0220001221201212022
2200012212012120220
2000122120121202202
0001221201212022020
0012212012120220202
0122120121202202021
1221201212022020210
2212012120220202100
2120121202202021000
1201212022020210002
2012120220202100020
0121202202021000200
1212022020210002002
2120220202100020022
1202202021000200220

20221200020220022010
02212000202200220101
22120002022002201010
21200020220022010101
12000202200220101012
20002022002201010121
00020220022010101212
00202200220101012121
02022002201010121210
20220022010101212101
02200220101012121010
22002201010121210102
20022010101212101021
00220101012121010210
02201010121210102100
22010101212101021002
20101012121010210020
01010121210102100201
10101212101021002011
01012121010210020112
1200102220212222212
2001022202122222121
0010222021222221212
0102220212222212120
1022202122222121202
0222021222221212022
2220212222212120222
2202122222121202222
2021222221212022222
0212222212120222220
2122222121202222202
1222221212022222020
2222212120222220200
2222121202222202001
2221212022222020011
2212120222220200110
2121202222202001101
1212022222020011012
2120222220200110120
1202222202001101200

20221200220002000220
02212002200020002200
22120022000200022002
21200220002000220020
12002200020002200202
20022000200022002021
00220002000220020211
02200020002200202111
22000200022002021111
20002000220020211110
00020002200202111102
00200022002021111022
02000220020211110222
20002200202111102222
00022002021111022220
00220020211110222200
02200202111102222000
22002021111022220001
20020211110222200012
00202111102222000122
0200101211010021210
2001012110100212102
0010121101002121021
0101211010021210212
1012110100212102122
0121101002121021222
1211010021210212222
2110100212102122222
1101002121021222222
1010021210212222220
0100212102122222202
1002121021222222020
0021210212222220202
0212102122222202021
2121021222222020210
1210212222220202100
2102122222202021001
1021222222020210010
0212222220202100102
2122222202021001020

02100122010220012111
21001220102200121111
10012201022001211110
00122010220012111100
01220102200121111002
12201022001211110021
22010220012111100211
20102200121111002111
01022001211110021110
10220012111100211102
02200121111002111020
22001211110021110201
20012111100211102012
00121111002111020122
01211110021110201221
12111100211102012212
21111002111020122120
11110021110201221200
11100211102012212002
11002111020122120022
0201101210012112012
2011012100121120121
0110121001211201212
1101210012112012120
1012100121120121202
0121001211201212022
1210012112012120220
2100121120121202201
1001211201212022012
0012112012120220120
0121120121202201202
1211201212022012022
2112012120220120222
1120121202201202220
1201212022012022202
2012120220120222022
0121202201202220220
1212022012022202200
2120220120222022002
1202201202220220021

20100220010100011011
01002200101000110111
10022001010001101111
00220010100011011110
02200101000110111100
22001010001101111001
20010100011011110011
00101000110111100112
01010001101111001120
10100011011110011201
01000110111100112010
10001101111001120101
00011011110011201012
00110111100112010122
01101111001120101220
11011110011201012202
10111100112010122022
01111001120101220221
11110011201012202212
11100112010122022120
1221201220212121011
2212012202121210111
2120122021212101111
1201220212121011110
2012202121210111101
0122021212101111011
1220212121011110110
2202121210111101101
2021212101111011012
0212121011110110122
2121210111101101222
1212101111011012221
2121011110110122210
1210111101101222101
2101111011012221010
1011110110122210102
0111101101222101021
1111011012221010212
1110110122210102122
1101101222101021220

20002202210120012220
00022022101200122201
00220221012001222012
02202210120012220121
22022101200122201210
20221012001222012101
02210120012220121012
22101200122201210120
21012001222012101200
10120012220121012002
01200122201210120020
12001222012101200202
20012220121012002021
00122201210120020212
01222012101200202120
12220121012002021200
22201210120020212000
22012101200202120000
20121012002021200001
01210120020212000010
0210101200012212222
2101012000122122221
1010120001221222211
0101200012212222112
1012000122122221122
0120001221222211222
1200012212222112222
2000122122221122221
0001221222211222212
0012212222112222121
0122122221122221212
1221222211222212122
2212222112222121220
2122221122221212201
1222211222212122011
2222112222121220112
2221122221212201121
2211222212122011212
2112222121220112122
1122221212201121221

00221200210000001021
02212002100000010210
22120021000000102102
21200210000001021020
12002100000010210202
20021000000102102021
00210000001021020211
02100000010210202111
21000000102102021110
10000001021020211101
00000010210202111010
00000102102021110102
00001021020211101022
00010210202111010222
00102102021110102220
01021020211101022200
10210202111010222002
02102021110102220021
21020211101022200212
10202111010222002122
1200211211010021210
2002112110100212102
0021121101002121021
0211211010021210210
2112110100212102102
1121101002121021022
1211010021210210220
2110100212102102202
1101002121021022020
1010021210210220200
0100212102102202002
1002121021022020022
0021210210220200222
0212102102202002221
2121021022020022210
1210210220200222100
2102102202002221001
1021022020022210010
0210220200222100102
2102202002221001020

20021202020020022220
00212020200200222201
02120202002002222011
21202020020022220111
12020200200222201110
20202002002222011101
02020020022220111012
20200200222201110120
02002002222011101200
20020022220111012002
00200222201110120020
02002222011101200202
20022220111012002022
00222201110120020220
02222011101200202200
22220111012002022000
22201110120020220000
22011101200202200000
20111012002022000000
01110120020220000002
1210202220022212212
2102022200222122121
1020222002221221211
0202220022212212112
2022200222122121122
0222002221221211222
2220022212212112222
2200222122121122222
2002221221211222222
0022212212112222221
0222122121122222212
2221221211222222122
2212212112222221220
2122121122222212201
1221211222222122011
2212112222221220110
2121122222212201102
1211222222122011022
2112222221220110220
1122222212201102202

12200100210220012211
22001002102200122111
20010021022001221110
00100210220012211100
01002102200122111001
10021022001221110011
00210220012211100110
02102200122111001100
21022001221110011000
10220012211100110000
02200122111001100000
22001221110011000000
20012211100110000002
00122111001100000022
01221110011000000221
12211100110000002212
22111001100000022120
21110011000000221200
11100110000002212000
11001100000022120002
0201101210012112012
2011012100121120121
0110121001211201212
1101210012112012120
1012100121120121201
0121001211201212012
1210012112012120120
2100121120121201201
1001211201212012012
0012112012120120120
0121120121201201202
1211201212012012020
2112012120120120202
1120121201201202020
1201212012012020202
2012120120120202022
0121201201202020220
1212012012020202200
2120120120202022000
1201201202020220001

20100221210100001010
01002212101000010101
10022121010000101011
00221210100001010110
02212101000010101101
22121010000101011012
21210100001010110121
12101000010101101210
21010000101011012100
10100001010110121000
01000010101101210000
10000101011012100001
00001010110121000012
00010101101210000122
00101011012100001220
01010110121000012202
10101101210000122022
01011012100001220221
10110121000012202210
01101210000122022100
0221201220212221021
2212012202122210212
2120122021222102121
1201220212221021210
2012202122210212102
0122021222102121022
1220212221021210220
2202122210212102202
2021222102121022020
0212221021210220202
2122210212102202022
1222102121022020220
2221021210220202200
2210212102202022001
2102121022020220010
1021210220202200100
0212102202022001001
2121022020220010012
1210220202200100121
2102202022001001210

00101202210100012221
01012022101000122211
10120221010001222111
01202210100012221110
12022101000122211101
20221010001222111012
02210100012221110120
22101000122211101201
21010001222111012010
10100012221110120102
01000122211101201020
10001222111012010202
00012221110120102021
00122211101201020212
01222111012010202120
12221110120102021200
22211101201020212000
22111012010202120000
21110120102021200002
11101201020212000022
0201112200222212012
2011122002222120121
0111220022221201211
1112200222212012112
1122002222120121122
1220022221201211222
2200222212012112222
2002222120121122221
0022221201211222212
0222212012112222121
2222120121122221212
2221201211222212120
2212012112222121200
2120121122221212001
1201211222212120011
2012112222121200110
0121122221212001102
1211222212120011020
2112222121200110202
1122221212001102021

00122200220110002221
01222002201100022211
12220022011000222110
22200220110002221100
22002201100022211001
20022011000222110011
00220110002221100111
02201100022211001110
22011000222110011100
20110002221100111000
01100022211001110002
11000222110011100022
10002221100111000221
00022211001110002212
00222110011100022120
02221100111000221200
22211001110002212000
22110011100022120000
21100111000221200000
11001110002212000002
1221211011212112012
2212110112121120121
2121101121211201212
1211011212112012120
2110112121120121202
1101121211201212022
1011212112012120220
0112121120121202201
1121211201212022012
1212112012120220120
2121120121202201202
1211201212022012020
2112012120220120200
1120121202201202001
1201212022012020012
2012120220120200122
0121202201202001220
1212022012020012202
2120220120200122020
1202201202001220200

20101220210102001021
01012202101020010211
10122021010200102111
01220210102001021110
12202101020010211100
22021010200102111001
20210102001021110011
02101020010211100112
21010200102111001120
10102001021110011201
01020010211100112010
10200102111001120102
02001021110011201022
20010211100112010222
00102111001120102220
01021110011201022200
10211100112010222002
02111001120102220022
21110011201022200220
11100112010222002200
1211201220222211221
2112012202222112211
1120122022221122111
1201220222211221110
2012202222112211101
0122022221122111012
1220222211221110120
2202222112211101201
2022221122111012012
0222211221110120120
2222112211101201202
2221122111012012021
2211221110120120210
2112211101201202101
1122111012012021010
1221110120120210102
2211101201202101022
2111012012021010222
1110120120210102221
1101201202101022210

00220201210200022220
02202012102000222202
22020121020002222021
20201210200022220210
02012102000222202101
20121020002222021012
01210200022220210122
12102000222202101220
21020002222021012200
10200022220210122000
02000222202101220000
20002222021012200002
00022220210122000021
00222202101220000212
02222021012200002121
22220210122000021210
22202101220000212100
22021012200002121000
20210122000021210002
02101220000212100022
1220212020012112012
2202120200121120122
2021202001211201222
0212020012112012222
2120200121120122222
1202001211201222222
2020012112012222220
0200121120122222202
2001211201222222022
0012112012222220222
0121120122222202222
1211201222222022222
2112012222220222220
1120122222202222201
1201222222022222011
2012222220222220110
0122222202222201100
1222222022222011000
2222220222220110002
2222202222201100021

12101220210100010010
21012202101000100101
10122021010001001010
01220210100010010100
12202101000100101000
22021010001001010001
20210100010010100010
02101000100101000101
21010001001010001010
10100010010100010101
01000100101000101010
10001001010001010100
00010010100010101002
00100101000101010022
01001010001010100220
10010100010101002202
00101000101010022020
01010001010100220201
10100010101002202012
01000101010022020122
1201101210010012012
2011012100100120121
0110121001001201212
1101210010012012120
1012100100120121201
0121001001201212012
1210010012012120120
2100100120121201201
1001001201212012010
0010012012120120100
0100120121201201002
1001201212012010021
0012012120120100210
0120121201201002100
1201212012010021002
2012120120100210020
0121201201002100201
1212012010021002010
2120120100210020102
1201201002100201021

02100110010210012221
21001100102100122211
10011001021001222110
00110010210012221100
01100102100122211000
11001021001222110001
10010210012221100011
00102100122211000111
01021001222110001110
10210012221100011100
02100122211000111000
21001222110001110002
10012221100011100022
00122211000111000222
01222110001110002221
12221100011100022212
22211000111000222122
22110001110002221220
21100011100022212202
11000111000222122022
0201101210212211022
2011012102122110221
0110121021221102212
1101210212211022122
1012102122110221221
0121021221102212212
1210212211022122120
2102122110221221201
1021221102212212010
0212211022122120100
2122110221221201002
1221102212212010022
2211022122120100222
2110221221201002220
1102212212010022202
1022122120100222022
0221221201002220220
2212212010022202200
2122120100222022002
1221201002220220021

21200121010222212211
12001210102222122112
20012101022221221121
00121010222212211210
01210102222122112102
12101022221221121021
21010222212211210211
10102222122112102111
01022221221121021110
10222212211210211100
02222122112102111000
22221221121021110002
22212211210211100022
22122112102111000220
21221121021110002201
12211210211100022012
22112102111000220120
21121021110002201200
11210211100022012002
12102111000220120022
0200202000010111012
2002020000101110121
0020200001011101211
0202000010111012112
2020000101110121121
0200001011101211212
2000010111012112122
0000101110121121221
0001011101211212212
0010111012112122121
0101110121121221212
1011101211212212122
0111012112122121221
1110121121221212211
1101211212212122112
1012112122121221121
0121121221212211211
1211212212122112110
2112122121221121101
1121221212211211010

20222201220012000220
02222012200120002201
22220122001200022012
22201220012000220120
22012200120002201202
20122001200022012022
01220012000220120221
12200120002201202211
22001200022012022111
20012000220120221110
00120002201202211100
01200022012022111002
12000220120221110022
20002201202211100222
00022012022111002220
00220120221110022200
02201202211100222000
22012022111002220000
20120221110022200002
01202211100222000022
1220112011012121012
2201120110121210122
2011201101212101221
0112011012121012212
1120110121210122122
1201101212101221222
2011012121012212220
0110121210122122201
1101212101221222012
1012121012212220120
0121210122122201202
1212101221222012022
2121012212220120220
1210122122201202200
2101221222012022002
1012212220120220020
0122122201202200201
1221222012022002010
2212220120220020102
2122201202200201020

00100200220210012221
01002002202100122211
10020022021001222112
00200220210012221120
02002202100122211201
20022021001222112011
00220210012221120110
02202100122211201100
22021001222112011000
20210012221120110000
02100122211201100002
21001222112011000022
10012221120110000222
00122211201100002222
01222112011000022220
12221120110000222200
22211201100002222000
22112011000022220000
21120110000222200000
11201100002222000000
1201102021212012012
2011020212120120121
0110202121201201212
1102021212012012122
1020212120120121222
0202121201201212222
2021212012012122220
0212120120121222202
2121201201212222022
1212012012122220220
2120120121222202202
1201201212222022020
2012012122220220200
0120121222202202000
1201212222022020001
2012122220220200012
0121222202202000120
1212222022020001202
2122220220200012020
1222202202000120200

20200220210210011011
02002202102100110111
20022021021001101111
00220210210011011110
02202102100110111101
22021021001101111011
20210210011011110111
02102100110111101112
21021001101111011120
10210011011110111201
02100110111101112010
21001101111011120101
10011011110111201012
00110111101112010122
01101111011120101220
11011110111201012200
10111101112010122002
01111011120101220021
11110111201012200210
11101112010122002100
1221201220212021221
2212012202120212211
2120122021202122112
1201220212021221120
2012202120212211201
0122021202122112011
1220212021221120110
2202120212211201101
2021202122112011012
0212021221120110120
2120212211201101202
1202122112011012020
2021221120110120200
0212211201101202001
2122112011012020010
1221120110120200102
2211201101202001021
2112011012020010212
1120110120200102120
1201101202001021200

20100220010100011011
01002200101000110111
10022001010001101111
00220010100011011110
02200101000110111100
22001010001101111001
20010100011011110011
00101000110111100112
01010001101111001120
10100011011110011201
01000110111100112010
10001101111001120101
00011011110011201012
00110111100112010122
01101111001120101220
11011110011201012202
10111100112010122022
01111001120101220221
11110011201012202212
11100112010122022120
1221201220212221021
2212012202122210211
2120122021222102111
1201220212221021110
2012202122210211101
0122021222102111011
1220212221021110110
2202122210211101101
2021222102111011010
0212221021110110102
2122210211101101022
1222102111011010221
2221021110110102210
2210211101101022101
2102111011010221010
1021110110102210102
0211101101022101021
2111011010221010212
1110110102210102122
1101101022101021220

02102101220210012221
21021012202100122211
10210122021001222110
02101220210012221100
21012202100122211000
10122021001222110002
01220210012221100021
12202100122211000210
22021001222110002100
20210012221100021000
02100122211000210000
21001222110002100002
10012221100021000022
00122211000210000222
01222110002100002221
12221100021000022212
22211000210000222120
22110002100002221202
21100021000022212022
11000210000222120220
0201112200012111012
2011122000121110121
0111220001211101212
1112200012111012122
1122000121110121222
1220001211101212222
2200012111012122220
2000121110121222201
0001211101212222012
0012111012122220120
0121110121222201202
1211101212222012022
2111012122220120222
1110121222201202221
1101212222012022212
1012122220120222120
0121222201202221200
1212222012022212002
2122220120222120022
1222201202221200221

12100122212200022102
21001222122000221021
10012221220002210210
00122212200022102101
01222122000221021010
12221220002210210101
22212200022102101010
22122000221021010100
21220002210210101000
12200022102101010002
22000221021010100020
20002210210101000200
00022102101010002002
00221021010100020022
02210210101000200221
22102101010002002210
21021010100020022100
10210101000200221000
02101010002002210002
21010100020022100022
0201111210022012020
2011112100220120201
0111121002201202012
1111210022012020120
1112100220120201201
1121002201202012012
1210022012020120120
2100220120201201201
1002201202012012012
0022012020120120120
0220120201201201202
2201202012012012022
2012020120120120222
0120201201201202220
1202012012012022202
2020120120120222022
0201201201202220220
2012012012022202200
0120120120222022002
1201201202220220021

00100200220210012221
01002002202100122211
10020022021001222110
00200220210012221100
02002202100122211001
20022021001222110011
00220210012221100110
02202100122211001100
22021001222110011000
20210012221100110000
02100122211001100002
21001222110011000022
10012221100110000222
00122211001100002222
01222110011000022220
12221100110000222200
22211001100002222000
22110011000022220001
21100110000222200010
11001100002222000102
1201201200210012210
2012012002100122101
0120120021001221012
1201200210012210120
2012002100122101202
0120021001221012022
1200210012210120220
2002100122101202202
0021001221012022022
0210012210120220220
2100122101202202202
1001221012022022020
0012210120220220200
0122101202202202001
1221012022022020010
2210120220220200102
2101202202202001020
1012022022020010202
0120220220200102020
1202202202001020200

20021202020020022220
00212020200200222201
02120202002002222011
21202020020022220111
12020200200222201110
20202002002222011101
02020020022220111012
20200200222201110120
02002002222011101200
20020022220111012002
00200222201110120020
02002222011101200202
20022220111012002021
00222201110120020210
02222011101200202100
22220111012002021000
22201110120020210000
22011101200202100000
20111012002021000002
01110120020210000022
2210201220022212212
2102012200222122121
1020122002221221211
0201220022212212110
2012200222122121102
0122002221221211022
1220022212212110222
2200222122121102221
2002221221211022212
0022212212110222121
0222122121102221212
2221221211022212122
2212212110222121220
2122121102221212201
1221211022212122011
2212110222121220110
2121102221212201102
1211022212122011022
2110222121220110222
1102221212201102222

20100220210100011011
01002202101000110111
10022021010001101111
00220210100011011110
02202101000110111102
22021010001101111021
20210100011011110211
02101000110111102112
21010001101111021120
10100011011110211201
01000110111102112010
10001101111021120101
00011011110211201012
00110111102112010122
01101111021120101220
11011110211201012202
10111102112010122022
01111021120101220221
11110211201012202210
11102112010122022100
1221201220212221221
2212012202122212211
2120122021222122111
1201220212221221110
2012202122212211101
0122021222122111011
1220212221221110110
2202122212211101101
2021222122111011010
0212221221110110100
2122212211101101002
1222122111011010021
2221221110110100210
2212211101101002101
2122111011010021010
1221110110100210102
2211101101002101021
2111011010021010212
1110110100210102121
1101101002101021210

20220210010110002221
02202100101100022211
22021001011000222110
20210010110002221100
02100101100022211001
21001011000222110011
10010110002221100111
00101100022211001111
01011000222110011110
10110002221100111100
01100022211001111002
11000222110011110022
10002221100111100221
00022211001111002212
00222110011110022120
02221100111100221200
22211001111002212002
22110011110022120020
21100111100221200201
11001111002212002012
0221201211212212012
2212012112122120121
2120121121221201212
1201211212212012120
2012112122120121201
0121121221201212012
1211212212012120120
2112122120121201202
1121221201212012020
1212212012120120202
2122120121201202021
1221201212012020210
2212012120120202100
2120121201202021000
1201212012020210002
2012120120202100022
0121201202021000220
1212012020210002200
2120120202100022002
1201202021000220020

20100220210100011011
01002202101000110111
10022021010001101111
00220210100011011110
02202101000110111102
22021010001101111021
20210100011011110211
02101000110111102112
21010001101111021120
10100011011110211201
01000110111102112010
10001101111021120101
00011011110211201012
00110111102112010122
01101111021120101220
11011110211201012202
10111102112010122022
01111021120101220221
11110211201012202210
11102112010122022100
1221201220212221221
2212012202122212211
2120122021222122111
1201220212221221110
2012202122212211101
0122021222122111011
1220212221221110110
2202122212211101101
2021222122111011010
0212221221110110100
2122212211101101002
1222122111011010021
2221221110110100210
2212211101101002101
2122111011010021010
1221110110100210102
2211101101002101021
2111011010021010212
1110110100210102121
1101101002101021210

20220201210000000220
02202012100000002201
22020121000000022011
20201210000000220110
02012100000002201101
20121000000022011012
01210000000220110121
12100000002201101211
21000000022011012110
10000000220110121100
00000002201101211002
00000022011012110022
00000220110121100221
00002201101211002212
00022011012110022120
00220110121100221200
02201101211002212000
22011012110022120000
20110121100221200001
01101211002212000012
0221112221012011012
2211122210120110122
2111222101201101221
1112221012011012212
1122210120110122122
1222101201101221222
2221012011012212220
2210120110122122202
2101201101221222022
1012011012212220220
0120110122122202202
1201101221222022020
2011012212220220201
0110122122202202011
1101221222022020111
1012212220220201110
0122122202202011100
1221222022020111002
2212220220201110022
2122202202011100222

00200200220210012221
02002002202100122211
20020022021001222111
00200220210012221110
02002202100122211101
20022021001222111011
00220210012221110110
02202100122211101100
22021001222111011000
20210012221110110000
02100122211101100002
21001222111011000022
10012221110110000222
00122211101100002222
01222111011000022220
12221110110000222200
22211101100002222000
22111011000022220000
21110110000222200000
11101100002222000000
1201201021212012012
2012010212120120121
0120102121201201212
1201021212012012120
2010212120120121202
0102121201201212022
1021212012012120220
0212120120121202201
2121201201212022012
1212012012120220120
2120120121202201202
1201201212022012020
2012012120220120200
0120121202201202000
1201212022012020001
2012120220120200012
0121202201202000120
1212022012020001202
2120220120200012020
1202201202000120200

20222201220212002220
02222012202120022202
22220122021200222022
22201220212002220220
22012202120022202202
20122021200222022022
01220212002220220221
12202120022202202210
22021200222022022101
20212002220220221010
02120022202202210100
21200222022022101002
12002220220221010022
20022202202210100222
00222022022101002220
02220220221010022200
22202202210100222000
22022022101002220001
20220221010022200012
02202210100222000122
1220112001010021210
2201120010100212102
2011200101002121021
0112001010021210212
1120010100212102122
1200101002121021222
2001010021210212220
0010100212102122202
0101002121021222022
1010021210212220222
0100212102122202222
1002121021222022222
0021210212220222220
0212102122202222201
2121021222022222010
1210212220222220100
2102122202222201001
1021222022222010010
0212220222220100102
2122202222201001020

00200200220210012221
02002002202100122211
20020022021001222111
00200220210012221110
02002202100122211101
20022021001222111011
00220210012221110110
02202100122211101100
22021001222111011000
20210012221110110000
02100122211101100002
21001222111011000022
10012221110110000222
00122211101100002222
01222111011000022220
12221110110000222200
22211101100002222000
22111011000022220000
21110110000222200000
11101100002222000000
1201201021212012012
2012010212120120121
0120102121201201212
1201021212012012120
2010212120120121202
0102121201201212022
1021212012012120220
0212120120121202201
2121201201212022012
1212012012120220120
2120120121202201202
1201201212022012020
2012012120220120200
0120121202201202000
1201212022012020001
2012120220120200012
0121202201202000120
1212022012020001202
2120220120200012020
1202201202000120200

00100110220110012211
01001102201100122111
10011022011001221110
00110220110012211100
01102201100122111002
11022011001221110021
10220110012211100211
02201100122111002110
22011001221110021100
20110012211100211000
01100122111002110002
11001221110021100022
10012211100211000222
00122111002110002222
01221110021100022221
12211100211000222212
22111002110002222122
21110021100022221221
11100211000222212210
11002110002222122102
1021101010212122012
0211010102121220121
2110101021212201211
1101010212122012110
1010102121220121102
0101021212201211021
1010212122012110210
0102121220121102101
1021212201211021012
0212122012110210120
2121220121102101202
1212201211021012020
2122012110210120200
1220121102101202000
2201211021012020002
2012110210120200022
0121102101202000220
1211021012020002202
2110210120200022021
1102101202000220210

