Generation 699:
0122100020201220120200
1221000202012201202000
2210002020122012020002
2100020201220120200022
1000202012201202000221
0002020122012020002212
0020201220120200022122
0202012201202000221222
2020122012020002212220
0201220120200022122202
2012201202000221222020
0122012020002212220202
1220120200022122202020
2201202000221222020202
2012020002212220202022
0120200022122202020222
1202000221222020202222
2020002212220202022222
0200022122202020222221
2000221222020202222210
0002212220202022222102
0022122202020222221022
201001220221221101201
010012202212211012012
100122022122110120121
001220221221101201211
012202212211012012110
122022122110120121100
220221221101201211000
202212211012012110002
022122110120121100022
221221101201211000220
212211012012110002201
122110120121100022011
221101201211000220111
211012012110002201110
110120121100022011100
101201211000220111000
012012110002201110001
120121100022011100010
201211000220111000101
012110002201110001010
121100022011100010101
211000220111000101010

0122101020201120121200
1221010202011201212000
2210102020112012120002
2101020201120121200022
1010202011201212000221
0102020112012120002212
1020201120121200022122
0202011201212000221222
2020112012120002212220
0201120121200022122202
2011201212000221222020
0112012120002212220201
1120121200022122202010
1201212000221222020101
2012120002212220201012
0121200022122202010122
1212000221222020101222
2120002212220201012222
1200022122202010122221
2000221222020101222210
0002212220201012222102
0022122202010122221022
201001220221221101201
010012202212211012012
100122022122110120121
001220221221101201211
012202212211012012110
122022122110120121102
220221221101201211020
202212211012012110202
022122110120121102022
221221101201211020220
212211012012110202201
122110120121102022011
221101201211020220111
211012012110202201110
110120121102022011100
101201211020220111000
012012110202201110001
120121102022011100010
201211020220111000101
012110202201110001010
121102022011100010101
211020220111000101010

0102101020201100121200
1021010202011001212000
0210102020110012120002
2101020201100121200022
1010202011001212000221
0102020110012120002210
1020201100121200022102
0202011001212000221022
2020110012120002210220
0201100121200022102202
2011001212000221022020
0110012120002210220201
1100121200022102202010
1001212000221022020101
0012120002210220201012
0121200022102202010122
1212000221022020101222
2120002210220201012222
1200022102202010122221
2000221022020101222210
0002210220201012222102
0022102202010122221022
201001220021221101201
010012200212211012012
100122002122110120121
001220021221101201211
012200212211012012110
122002122110120121102
220021221101201211020
200212211012012110202
002122110120121102020
021221101201211020200
212211012012110202001
122110120121102020011
221101201211020200111
211012012110202001110
110120121102020011100
101201211020200111000
012012110202001110001
120121102020011100010
201211020200111000101
012110202001110001011
121102020011100010111
211020200111000101111

0120101010211100120201
1201010102111001202010
2010101021110012020102
0101010211100120201022
1010102111001202010220
0101021110012020102200
1010211100120201022002
0102111001202010220022
1021110012020102200220
0211100120201022002202
2111001202010220022020
1110012020102200220202
1100120201022002202022
1001202010220022020222
0012020102200220202222
0120201022002202022222
1202010220022020222222
2020102200220202222222
0201022002202022222221
2010220022020222222210
0102200220202222222102
1022002202022222221022
201001220021221101201
010012200212211012012
100122002122110120121
001220021221101201211
012200212211012012110
122002122110120121102
220021221101201211020
200212211012012110202
002122110120121102022
021221101201211020220
212211012012110202201
122110120121102022011
221101201211020220111
211012012110202201110
110120121102022011100
101201211020220111000
012012110202201110001
120121102022011100010
201211020220111000101
012110202201110001010
121102022011100010101
211020220111000101011

0202100011011120021111
2021000110111200211110
0210001101112002111101
2100011011120021111012
1000110111200211110121
0001101112002111101210
0011011120021111012100
0110111200211110121002
1101112002111101210021
1011120021111012100212
0111200211110121002120
1112002111101210021200
1120021111012100212002
1200211110121002120022
2002111101210021200222
0021111012100212002222
0211110121002120022220
2111101210021200222202
1111012100212002222021
1110121002120022220210
1101210021200222202102
1012100212002222021022
011001222001221121211
110012220012211212112
100122200122112121121
001222001221121211211
012220012211212112110
122200122112121121100
222001221121211211000
220012211212112110001
200122112121121100012
001221121211211000120
012211212112110001201
122112121121100012010
221121211211000120101
211212112110001201012
112121121100012010120
121211211000120101202
212112110001201012021
121121100012010120210
211211000120101202101
112110001201012021011
121100012010120210112
211000120101202101121

0122100010221100120200
1221000102211001202000
2210001022110012020002
2100010221100120200022
1000102211001202000220
0001022110012020002200
0010221100120200022002
0102211001202000220022
1022110012020002200220
0221100120200022002202
2211001202000220022020
2110012020002200220200
1100120200022002202001
1001202000220022020011
0012020002200220200111
0120200022002202001112
1202000220022020011120
2020002200220200111202
0200022002202001112021
2000220022020011120210
0002200220200111202102
0022002202001112021022
201001220021221101201
010012200212211012012
100122002122110120121
001220021221101201211
012200212211012012110
122002122110120121100
220021221101201211000
200212211012012110002
002122110120121100022
021221101201211000220
212211012012110002201
122110120121100022011
221101201211000220111
211012012110002201110
110120121100022011102
101201211000220111022
012012110002201110221
120121100022011102212
201211000220111022121
012110002201110221211
121100022011102212111
211000220111022121111

0102100010011220020211
1021000100112200202110
0210001001122002021101
2100010011220020211012
1000100112200202110121
0001001122002021101210
0010011220020211012100
0100112200202110121002
1001122002021101210020
0011220020211012100202
0112200202110121002020
1122002021101210020200
1220020211012100202001
2200202110121002020012
2002021101210020200121
0020211012100202001212
0202110121002020012120
2021101210020200121202
0211012100202001212021
2110121002020012120210
1101210020200121202102
1012100202001212021022
001001222001211121211
010012220012111212112
100122200121112121121
001222001211121211211
012220012111212112110
122200121112121121100
222001211121211211000
220012111212112110001
200121112121121100012
001211121211211000120
012111212112110001201
121112121121100012011
211121211211000120111
111212112110001201110
112121121100012011100
121211211000120111000
212112110001201110001
121121100012011100010
211211000120111000101
112110001201110001011
121100012011100010112
211000120111000101121

0102101020201220121201
1021010202012201212010
0210102020122012120101
2101020201220121201012
1010202012201212010121
0102020122012120101212
1020201220121201012122
0202012201212010121222
2020122012120101212220
0201220121201012122202
2012201212010121222020
0122012120101212220201
1220121201012122202010
2201212010121222020101
2012120101212220201012
0121201012122202010122
1212010121222020101220
2120101212220201012202
1201012122202010122021
2010121222020101220210
0101212220201012202102
1012122202010122021022
201001220221221101201
010012202212211012012
100122022122110120121
001220221221101201211
012202212211012012110
122022122110120121100
220221221101201211000
202212211012012110002
022122110120121100022
221221101201211000220
212211012012110002201
122110120121100022011
221101201211000220111
211012012110002201110
110120121100022011100
101201211000220111000
012012110002201110001
120121100022011100010
201211000220111000101
012110002201110001010
121100022011100010101
211000220111000101010

0122100020201220120200
1221000202012201202000
2210002020122012020002
2100020201220120200022
1000202012201202000221
0002020122012020002212
0020201220120200022122
0202012201202000221222
2020122012020002212220
0201220120200022122202
2012201202000221222020
0122012020002212220202
1220120200022122202020
2201202000221222020201
2012020002212220202012
0120200022122202020122
1202000221222020201222
2020002212220202012222
0200022122202020122221
2000221222020201222210
0002212220202012222102
0022122202020122221022
201001220221221101201
010012202212211012012
100122022122110120121
001220221221101201211
012202212211012012110
122022122110120121100
220221221101201211000
202212211012012110002
022122110120121100022
221221101201211000220
212211012012110002201
122110120121100022011
221101201211000220111
211012012110002201110
110120121100022011100
101201211000220111000
012012110002201110001
120121100022011100010
201211000220111000101
012110002201110001010
121100022011100010102
211000220111000101020

2121101220221100111210
1211012202211001112101
2110122022110011121012
1101220221100111210122
1012202211001112101220
0122022110011121012200
1220221100111210122002
2202211001112101220021
2022110011121012200210
0221100111210122002102
2211001112101220021020
2110011121012200210202
1100111210122002102021
1001112101220021020212
0011121012200210202122
0111210122002102021222
1112101220021020212222
1121012200210202122222
1210122002102021222221
2101220021020212222210
1012200210202122222102
0122002102021222221022
001001222021211102201
010012220212111022012
100122202121110220121
001222021211102201211
012220212111022012110
122202121110220121100
222021211102201211000
220212111022012110002
202121110220121100022
021211102201211000220
212111022012110002201
121110220121100022011
211102201211000220111
111022012110002201110
110220121100022011100
102201211000220111001
022012110002201110011
220121100022011100112
201211000220111001121
012110002201110011211
121100022011100112111
211000220111001121111

0102100020221100120200
1021000202211001202000
0210002022110012020002
2100020221100120200022
1000202211001202000220
0002022110012020002200
0020221100120200022002
0202211001202000220022
2022110012020002200221
0221100120200022002212
2211001202000220022120
2110012020002200221201
1100120200022002212011
1001202000220022120111
0012020002200221201111
0120200022002212011112
1202000220022120111122
2020002200221201111222
0200022002212011112221
2000220022120111122211
0002200221201111222112
0022002212011112221122
201001220021221101201
010012200212211012012
100122002122110120121
001220021221101201211
012200212211012012110
122002122110120121100
220021221101201211000
200212211012012110002
002122110120121100020
021221101201211000200
212211012012110002001
122110120121100020011
221101201211000200111
211012012110002001110
110120121100020011102
101201211000200111020
012012110002001110201
120121100020011102012
201211000200111020121
012110002001110201211
121100020011102012111
211000200111020121111

0112100010211221110100
1121000102112211101000
1210001021122111010002
2100010211221110100022
1000102112211101000221
0001021122111010002212
0010211221110100022122
0102112211101000221222
1021122111010002212220
0211221110100022122202
2112211101000221222020
1122111010002212220202
1221110100022122202020
2211101000221222020202
2111010002212220202021
1110100022122202020212
1101000221222020202122
1010002212220202021222
0100022122202020212221
1000221222020202122210
0002212220202021222102
0022122202020212221022
201001220221221101201
010012202212211012012
100122022122110120121
001220221221101201211
012202212211012012110
122022122110120121100
220221221101201211000
202212211012012110002
022122110120121100022
221221101201211000220
212211012012110002201
122110120121100022011
221101201211000220111
211012012110002201110
110120121100022011100
101201211000220111000
012012110002201110001
120121100022011100010
201211000220111000101
012110002201110001010
121100022011100010101
211000220111000101010

0120101010211201110210
1201010102112011102100
2010101021120111021002
0101010211201110210022
1010102112011102100220
0101021120111021002200
1010211201110210022002
0102112011102100220022
1021120111021002200221
0211201110210022002212
2112011102100220022120
1120111021002200221200
1201110210022002212002
2011102100220022120022
0111021002200221200221
1110210022002212002212
1102100220022120022120
1021002200221200221202
0210022002212002212021
2100220022120022120210
1002200221200221202102
0022002212002212021022
201001222021221101211
010012220212211012112
100122202122110121121
001222021221101211211
012220212211012112110
122202122110121121100
222021221101211211002
220212211012112110022
202122110121121100222
021221101211211002220
212211012112110022201
122110121121100222011
221101211211002220111
211012112110022201110
110121121100222011100
101211211002220111002
012112110022201110021
121121100222011100210
211211002220111002101
112110022201110021010
121100222011100210102
211002220111002101021

0102100010011220121211
1021000100112201212110
0210001001122012121101
2100010011220121211012
1000100112201212110121
0001001122012121101210
0010011220121211012100
0100112201212110121002
1001122012121101210020
0011220121211012100202
0112201212110121002020
1122012121101210020200
1220121211012100202002
2201212110121002020022
2012121101210020200222
0121211012100202002222
1212110121002020022220
2121101210020200222202
1211012100202002222021
2110121002020022220210
1101210020200222202102
1012100202002222021022
201001220001211101211
010012200012111012112
100122000121110121121
001220001211101211211
012200012111012112110
122000121110121121100
220001211101211211000
200012111012112110001
000121110121121100012
001211101211211000120
012111012112110001201
121110121121100012011
211101211211000120111
111012112110001201110
110121121100012011100
101211211000120111000
012112110001201110001
121121100012011100010
211211000120111000101
112110001201110001011
121100012011100010112
211000120111000101121

0121121020201220120200
1211210202012201202001
2112102020122012020012
1121020201220120200122
1210202012201202001221
2102020122012020012210
1020201220120200122102
0202012201202001221022
2020122012020012210220
0201220120200122102202
2012201202001221022020
0122012020012210220201
1220120200122102202010
2201202001221022020101
2012020012210220201012
0120200122102202010122
1202001221022020101222
2020012210220201012222
0200122102202010122221
2001221022020101222210
0012210220201012222102
0122102202010122221022
201021220221221121201
010212202212211212012
102122022122112120121
021220221221121201211
212202212211212012110
122022122112120121102
220221221121201211022
202212211212012110222
022122112120121102220
221221121201211022200
212211212012110222000
122112120121102220001
221121201211022200011
211212012110222000110
112120121102220001100
121201211022200011000
212012110222000110001
120121102220001100010
201211022200011000101
012110222000110001010
121102220001100010101
211022200011000101010

0100101020201100121200
1001010202011001212000
0010102020110012120002
0101020201100121200022
1010202011001212000221
0102020110012120002210
1020201100121200022102
0202011001212000221022
2020110012120002210220
0201100121200022102202
2011001212000221022020
0110012120002210220201
1100121200022102202010
1001212000221022020101
0012120002210220201012
0121200022102202010122
1212000221022020101222
2120002210220201012222
1200022102202010122221
2000221022020101222211
0002210220201012222112
0022102202010122221122
201001220221221101201
010012202212211012012
100122022122110120121
001220221221101201211
012202212211012012110
122022122110120121102
220221221101201211020
202212211012012110202
022122110120121102022
221221101201211020220
212211012012110202201
122110120121102022011
221101201211020220111
211012012110202201110
110120121102022011100
101201211020220111000
012012110202201110001
120121102022011100010
201211020220111000101
012110202201110001010
121102022011100010101
211020220111000101010

0122101020201120121200
1221010202011201212000
2210102020112012120002
2101020201120121200022
1010202011201212000221
0102020112012120002212
1020201120121200022122
0202011201212000221222
2020112012120002212221
0201120121200022122212
2011201212000221222120
0112012120002212221201
1120121200022122212010
1201212000221222120101
2012120002212221201011
0121200022122212010112
1212000221222120101122
2120002212221201011222
1200022122212010112221
2000221222120101122211
0002212221201011222112
0022122212010112221122
201001220221221101201
010012202212211012012
100122022122110120121
001220221221101201211
012202212211012012110
122022122110120121102
220221221101201211020
202212211012012110202
022122110120121102022
221221101201211020220
212211012012110202201
122110120121102022011
221101201211020220111
211012012110202201110
110120121102022011100
101201211020220111000
012012110202201110001
120121102022011100010
201211020220111000101
012110202201110001010
121102022011100010101
211020220111000101010

0122100020201201121200
1221000202012011212000
2210002020120112120002
2100020201201121200021
1000202012011212000211
0002020120112120002110
0020201201121200021102
0202012011212000211022
2020120112120002110221
0201201121200021102212
2012011212000211022120
0120112120002110221202
1201121200021102212022
2011212000211022120221
0112120002110221202212
1121200021102212022122
1212000211022120221222
2120002110221202212222
1200021102212022122221
2000211022120221222211
0002110221202212222112
0021102212022122221122
201001220021221101201
010012200212211012012
100122002122110120121
001220021221101201211
012200212211012012110
122002122110120121102
220021221101201211020
200212211012012110202
002122110120121102022
021221101201211020220
212211012012110202201
122110120121102022011
221101201211020220111
211012012110202201110
110120121102022011100
101201211020220111000
012012110202201110001
120121102022011100010
201211020220111000101
012110202201110001010
121102022011100010101
211020220111000101011

2112100010011200110110
1121000100112001101100
1210001001120011011001
2100010011200110110012
1000100112001101100121
0001001120011011001212
0010011200110110012122
0100112001101100121222
1001120011011001212221
0011200110110012122212
0112001101100121222120
1120011011001212221200
1200110110012122212002
2001101100121222120022
0011011001212221200221
0110110012122212002212
1101100121222120022120
1011001212221200221202
0110012122212002212021
1100121222120022120210
1001212221200221202102
0012122212002212021022
001011222021211102211
010112220212111022112
101122202121110221121
011222021211102211211
112220212111022112112
122202121110221121120
222021211102211211202
220212111022112112022
202121110221121120222
021211102211211202220
212111022112112022201
121110221121120222011
211102211211202220111
111022112112022201110
110221121120222011100
102211211202220111001
022112112022201110011
221121120222011100112
211211202220111001121
112112022201110011211
121120222011100112112
211202220111001121121

0122100010011120121210
1221000100111201212100
2210001001112012121002
2100010011120121210022
1000100111201212100221
0001001112012121002210
0010011120121210022100
0100111201212100221002
1001112012121002210020
0011120121210022100202
0111201212100221002020
1112012121002210020200
1120121210022100202002
1201212100221002020022
2012121002210020200222
0121210022100202002222
1212100221002020022222
2121002210020200222222
1210022100202002222221
2100221002020022222210
1002210020200222222102
0022100202002222221022
201001210021211101201
010012100212111012012
100121002121110120121
001210021211101201211
012100212111012012110
121002121110120121102
210021211101201211020
100212111012012110202
002121110120121102022
021211101201211020220
212111012012110202201
121110120121102022011
211101201211020220111
111012012110202201110
110120121102022011100
101201211020220111000
012012110202201110001
120121102022011100010
201211020220111000101
012110202201110001011
121102022011100010112
211020220111000101121

0120101010211201111200
1201010102112011112000
2010101021120111120002
0101010211201111200022
1010102112011112000221
0101021120111120002210
1010211201111200022102
0102112011112000221022
1021120111120002210221
0211201111200022102212
2112011112000221022120
1120111120002210221202
1201111200022102212022
2011112000221022120222
0111120002210221202222
1111200022102212022222
1112000221022120222220
1120002210221202222202
1200022102212022222021
2000221022120222220210
0002210221202222202102
0022102212022222021022
201001220021221101201
010012200212211012012
100122002122110120121
001220021221101201211
012200212211012012110
122002122110120121100
220021221101201211002
200212211012012110022
002122110120121100222
021221101201211002220
212211012012110022201
122110120121100222011
221101201211002220111
211012012110022201110
110120121100222011100
101201211002220111002
012012110022201110021
120121100222011100210
201211002220111002101
012110022201110021010
121100222011100210101
211002220111002101010

0120100010211100120201
1201000102111001202010
2010001021110012020102
0100010211100120201022
1000102111001202010220
0001021110012020102200
0010211100120201022002
0102111001202010220022
1021110012020102200220
0211100120201022002202
2111001202010220022020
1110012020102200220202
1100120201022002202022
1001202010220022020222
0012020102200220202222
0120201022002202022222
1202010220022020222222
2020102200220202222222
0201022002202022222221
2010220022020222222210
0102200220202222222102
1022002202022222221022
201001220021221101201
010012200212211012012
100122002122110120121
001220021221101201211
012200212211012012110
122002122110120121102
220021221101201211020
200212211012012110202
002122110120121102022
021221101201211020220
212211012012110202201
122110120121102022011
221101201211020220111
211012012110202201110
110120121102022011100
101201211020220111000
012012110202201110001
120121102022011100010
201211020220111000101
012110202201110001010
121102022011100010101
211020220111000101011

0122101010201201121200
1221010102012011212000
2210101020120112120002
2101010201201121200021
1010102012011212000211
0101020120112120002110
1010201201121200021102
0102012011212000211022
1020120112120002110221
0201201121200021102212
2012011212000211022120
0120112120002110221200
1201121200021102212000
2011212000211022120001
0112120002110221200011
1121200021102212000112
1212000211022120001120
2120002110221200011202
1200021102212000112021
2000211022120001120211
0002110221200011202112
0021102212000112021122
201001220021221101201
010012200212211012012
100122002122110120121
001220021221101201211
012200212211012012110
122002122110120121102
220021221101201211020
200212211012012110202
002122110120121102022
021221101201211020220
212211012012110202201
122110120121102022011
221101201211020220111
211012012110202201110
110120121102022011100
101201211020220111002
012012110202201110021
120121102022011100210
201211020220111002101
012110202201110021011
121102022011100210111
211020220111002101111

0102100010211201120200
1021000102112011202000
0210001021120112020002
2100010211201120200021
1000102112011202000210
0001021120112020002100
0010211201120200021000
0102112011202000210002
1021120112020002100021
0211201120200021000212
2112011202000210002120
1120112020002100021200
1201120200021000212001
2011202000210002120011
0112020002100021200111
1120200021000212001112
1202000210002120011120
2020002100021200111202
0200021000212001112021
2000210002120011120211
0002100021200111202112
0021000212001112021122
201001220021221001201
010012200212210012012
100122002122100120121
001220021221001201211
012200212210012012110
122002122100120121100
220021221001201211000
200212210012012110002
002122100120121100020
021221001201211000200
212210012012110002001
122100120121100020011
221001201211000200111
210012012110002001110
100120121100020011102
001201211000200111022
012012110002001110221
120121100020011102210
201211000200111022101
012110002001110221011
121100020011102210111
211000200111022101111

0122100020001200120210
1221000200012001202100
2210002000120012021001
2100020001200120210012
1000200012001202100120
0002000120012021001202
0020001200120210012022
0200012001202100120222
2000120012021001202221
0001200120210012022212
0012001202100120222120
0120012021001202221200
1200120210012022212001
2001202100120222120012
0012021001202221200122
0120210012022212001222
1202100120222120012222
2021001202221200122222
0210012022212001222221
2100120222120012222210
1001202221200122222102
0012022212001222221022
201011220021211102201
010112200212111022012
101122002121110220121
011220021211102201211
112200212111022012112
122002121110220121120
220021211102201211202
200212111022012112022
002121110220121120222
021211102201211202220
212111022012112022201
121110220121120222011
211102201211202220111
111022012112022201110
110220121120222011100
102201211202220111001
022012112022201110011
220121120222011100110
201211202220111001101
012112022201110011011
121120222011100110112
211202220111001101121

2112100010011200110110
1121000100112001101100
1210001001120011011001
2100010011200110110012
1000100112001101100121
0001001120011011001212
0010011200110110012122
0100112001101100121222
1001120011011001212220
0011200110110012122202
0112001101100121222020
1120011011001212220202
1200110110012122202021
2001101100121222020212
0011011001212220202121
0110110012122202021212
1101100121222020212120
1011001212220202121202
0110012122202021212021
1100121222020212120210
1001212220202121202102
0012122202021212021022
001011220021211102211
010112200212111022112
101122002121110221121
011220021211102211211
112200212111022112112
122002121110221121120
220021211102211211202
200212111022112112022
002121110221121120222
021211102211211202220
212111022112112022201
121110221121120222011
211102211211202220111
111022112112022201110
110221121120222011100
102211211202220111001
022112112022201110011
221121120222011100112
211211202220111001121
112112022201110011211
121120222011100112112
211202220111001121121

0122100020201100121200
1221000202011001212000
2210002020110012120002
2100020201100121200022
1000202011001212000221
0002020110012120002210
0020201100121200022102
0202011001212000221022
2020110012120002210221
0201100121200022102212
2011001212000221022120
0110012120002210221200
1100121200022102212001
1001212000221022120011
0012120002210221200112
0121200022102212001122
1212000221022120011222
2120002210221200112222
1200022102212001122221
2000221022120011222210
0002210221200112222102
0022102212001122221022
201001220021221101201
010012200212211012012
100122002122110120121
001220021221101201211
012200212211012012110
122002122110120121102
220021221101201211020
200212211012012110202
002122110120121102022
021221101201211020220
212211012012110202201
122110120121102022011
221101201211020220111
211012012110202201110
110120121102022011100
101201211020220111000
012012110202201110001
120121102022011100010
201211020220111000101
012110202201110001010
121102022011100010101
211020220111000101011

0121101220221100121200
1211012202211001212001
2110122022110012120012
1101220221100121200122
1012202211001212001220
0122022110012120012200
1220221100121200122002
2202211001212001220021
2022110012120012200210
0221100121200122002102
2211001212001220021020
2110012120012200210202
1100121200122002102022
1001212001220021020222
0012120012200210202222
0121200122002102022222
1212001220021020222222
2120012200210202222222
1200122002102022222221
2001220021020222222210
0012200210202222222102
0122002102022222221022
201001220021211101201
010012200212111012012
100122002121110120121
001220021211101201211
012200212111012012110
122002121110120121102
220021211101201211020
200212111012012110202
002121110120121102022
021211101201211020220
212111012012110202201
121110120121102022011
211101201211020220111
111012012110202201110
110120121102022011100
101201211020220111002
012012110202201110021
120121102022011100212
201211020220111002121
012110202201110021211
121102022011100212111
211020220111002121110

0122101020201120121200
1221010202011201212000
2210102020112012120002
2101020201120121200022
1010202011201212000221
0102020112012120002212
1020201120121200022122
0202011201212000221222
2020112012120002212220
0201120121200022122202
2011201212000221222020
0112012120002212220201
1120121200022122202010
1201212000221222020102
2012120002212220201022
0121200022122202010222
1212000221222020102222
2120002212220201022222
1200022122202010222221
2000221222020102222211
0002212220201022222112
0022122202010222221122
201001220221221101201
010012202212211012012
100122022122110120121
001220221221101201211
012202212211012012110
122022122110120121100
220221221101201211000
202212211012012110002
022122110120121100022
221221101201211000220
212211012012110002201
122110120121100022011
221101201211000220111
211012012110002201110
110120121100022011100
101201211000220111002
012012110002201110021
120121100022011100210
201211000220111002101
012110002201110021010
121100022011100210102
211000220111002101021

0122100020201100121200
1221000202011001212000
2210002020110012120002
2100020201100121200022
1000202011001212000221
0002020110012120002210
0020201100121200022102
0202011001212000221022
2020110012120002210220
0201100121200022102202
2011001212000221022020
0110012120002210220202
1100121200022102202022
1001212000221022020221
0012120002210220202212
0121200022102202022122
1212000221022020221222
2120002210220202212222
1200022102202022122221
2000221022020221222210
0002210220202212222102
0022102202022122221022
201001220021221101201
010012200212211012012
100122002122110120121
001220021221101201211
012200212211012012110
122002122110120121102
220021221101201211020
200212211012012110202
002122110120121102022
021221101201211020220
212211012012110202201
122110120121102022011
221101201211020220111
211012012110202201110
110120121102022011100
101201211020220111000
012012110202201110001
120121102022011100010
201211020220111000101
012110202201110001010
121102022011100010101
211020220111000101011

0122101021201120121101
1221010212011201211010
2210102120112012110102
2101021201120121101022
1010212011201211010221
0102120112012110102212
1021201120121101022122
0212011201211010221222
2120112012110102212220
1201120121101022122202
2011201211010221222020
0112012110102212220201
1120121101022122202010
1201211010221222020101
2012110102212220201012
0121101022122202010122
1211010221222020101222
2110102212220201012222
1101022122202010122221
1010221222020101222210
0102212220201012222102
1022122202010122221022
201001220001221101201
010012200012211012012
100122000122110120121
001220001221101201211
012200012211012012110
122000122110120121100
220001221101201211000
200012211012012110002
000122110120121100022
001221101201211000220
012211012012110002201
122110120121100022011
221101201211000220111
211012012110002201110
110120121100022011100
101201211000220111000
012012110002201110001
120121100022011100010
201211000220111000101
012110002201110001010
121100022011100010101
211000220111000101011

0102100010201100121200
1021000102011001212000
0210001020110012120002
2100010201100121200021
1000102011001212000211
0001020110012120002112
0010201100121200021122
0102011001212000211222
1020110012120002112220
0201100121200021122202
2011001212000211222020
0110012120002112220201
1100121200021122202010
1001212000211222020101
0012120002112220201012
0121200021122202010122
1212000211222020101222
2120002112220201012222
1200021122202010122221
2000211222020101222211
0002112220201012222112
0021122202010122221122
201001220221221101201
010012202212211012012
100122022122110120121
001220221221101201211
012202212211012012110
122022122110120121100
220221221101201211000
202212211012012110002
022122110120121100022
221221101201211000220
212211012012110002201
122110120121100022011
221101201211000220111
211012012110002201110
110120121100022011100
101201211000220111002
012012110002201110021
120121100022011100210
201211000220111002101
012110002201110021010
121100022011100210101
211000220111002101010

0100101010211201110210
1001010102112011102100
0010101021120111021002
0101010211201110210021
1010102112011102100210
0101021120111021002100
1010211201110210021002
0102112011102100210022
1021120111021002100221
0211201110210021002212
2112011102100210022120
1120111021002100221202
1201110210021002212022
2011102100210022120221
0111021002100221202211
1110210021002212022112
1102100210022120221120
1021002100221202211202
0210021002212022112021
2100210022120221120210
1002100221202211202102
0021002212022112021022
201001220021221101211
010012200212211012112
100122002122110121121
001220021221101211211
012200212211012112110
122002122110121121102
220021221101211211022
200212211012112110222
002122110121121102222
021221101211211022220
212211012112110222201
122110121121102222011
221101211211022220111
211012112110222201110
110121121102222011100
101211211022220111002
012112110222201110021
121121102222011100210
211211022220111002101
112110222201110021010
121102222011100210101
211022220111002101010

0122101020201120121200
1221010202011201212000
2210102020112012120002
2101020201120121200022
1010202011201212000221
0102020112012120002212
1020201120121200022122
0202011201212000221222
2020112012120002212220
0201120121200022122202
2011201212000221222020
0112012120002212220201
1120121200022122202010
1201212000221222020101
2012120002212220201012
0121200022122202010122
1212000221222020101222
2120002212220201012222
1200022122202010122221
2000221222020101222210
0002212220201012222102
0022122202010122221022
201002220221221101201
010022202212211012012
100222022122110120121
002220221221101201211
022202212211012012110
222022122110120121102
220221221101201211020
202212211012012110202
022122110120121102022
221221101201211020220
212211012012110202201
122110120121102022011
221101201211020220111
211012012110202201110
110120121102022011100
101201211020220111000
012012110202201110001
120121102022011100010
201211020220111000101
012110202201110001010
121102022011100010101
211020220111000101010

0112101020001220111100
1121010200012201111000
1210102000122011110001
2101020001220111100012
1010200012201111000121
0102000122011110001212
1020001220111100012122
0200012201111000121222
2000122011110001212220
0001220111100012122202
0012201111000121222020
0122011110001212220201
1220111100012122202011
2201111000121222020111
2011110001212220201112
0111100012122202011122
1111000121222020111222
1110001212220201112222
1100012122202011122221
1000121222020111222211
0001212220201112222112
0012122202011122221122
201001222221221101201
010012222212211012012
100122222122110120121
001222221221101201211
012222212211012012110
122222122110120121102
222221221101201211020
222212211012012110202
222122110120121102022
221221101201211020220
212211012012110202201
122110120121102022011
221101201211020220111
211012012110202201110
110120121102022011100
101201211020220111000
012012110202201110001
120121102022011100010
201211020220111000101
012110202201110001010
121102022011100010101
211020220111000101010

0101121010201200120200
1011210102012001202001
0112101020120012020012
1121010201200120200122
1210102012001202001221
2101020120012020012210
1010201200120200122102
0102012001202001221022
1020120012020012210220
0201200120200122102202
2012001202001221022020
0120012020012210220201
1200120200122102202010
2001202001221022020101
0012020012210220201012
0120200122102202010122
1202001221022020101222
2020012210220201012222
0200122102202010122221
2001221022020101222210
0012210220201012222102
0122102202010122221022
201021220221221121201
010212202212211212012
102122022122112120121
021220221221121201211
212202212211212012110
122022122112120121100
220221221121201211000
202212211212012110002
022122112120121100020
221221121201211000200
212211212012110002001
122112120121100020011
221121201211000200111
211212012110002001110
112120121100020011100
121201211000200111000
212012110002001110001
120121100020011100010
201211000200111000101
012110002001110001010
121100020011100010101
211000200111000101010

0122100020201100121200
1221000202011001212000
2210002020110012120002
2100020201100121200022
1000202011001212000221
0002020110012120002210
0020201100121200022102
0202011001212000221022
2020110012120002210220
0201100121200022102202
2011001212000221022020
0110012120002210220202
1100121200022102202022
1001212000221022020221
0012120002210220202212
0121200022102202022122
1212000221022020221222
2120002210220202212222
1200022102202022122221
2000221022020221222210
0002210220202212222102
0022102202022122221022
201001220021221101201
010012200212211012012
100122002122110120121
001220021221101201211
012200212211012012110
122002122110120121102
220021221101201211020
200212211012012110202
002122110120121102022
021221101201211020220
212211012012110202201
122110120121102022011
221101201211020220111
211012012110202201110
110120121102022011100
101201211020220111000
012012110202201110001
120121102022011100010
201211020220111000101
012110202201110001010
121102022011100010101
211020220111000101011

0122100010221101120210
1221000102211011202100
2210001022110112021002
2100010221101120210022
1000102211011202100220
0001022110112021002200
0010221101120210022002
0102211011202100220022
1022110112021002200221
0221101120210022002212
2211011202100220022120
2110112021002200221200
1101120210022002212000
1011202100220022120001
0112021002200221200011
1120210022002212000112
1202100220022120001120
2021002200221200011202
0210022002212000112021
2100220022120001120210
1002200221200011202102
0022002212000112021022
001001220021221101201
010012200212211012012
100122002122110120121
001220021221101201211
012200212211012012110
122002122110120121100
220021221101201211002
200212211012012110022
002122110120121100222
021221101201211002220
212211012012110022201
122110120121100222011
221101201211002220111
211012012110022201110
110120121100222011102
101201211002220111021
012012110022201110211
120121100222011102112
201211002220111021121
012110022201110211211
121100222011102112112
211002220111021121121

0122100020201120121200
1221000202011201212000
2210002020112012120002
2100020201120121200021
1000202011201212000211
0002020112012120002112
0020201120121200021122
0202011201212000211222
2020112012120002112220
0201120121200021122202
2011201212000211222020
0112012120002112220201
1120121200021122202010
1201212000211222020101
2012120002112220201012
0121200021122202010122
1212000211222020101222
2120002112220201012222
1200021122202010122221
2000211222020101222211
0002112220201012222112
0021122202010122221122
201001220221221101201
010012202212211012012
100122022122110120121
001220221221101201211
012202212211012012110
122022122110120121102
220221221101201211022
202212211012012110222
022122110120121102222
221221101201211022220
212211012012110222200
122110120121102222001
221101201211022220011
211012012110222200110
110120121102222001100
101201211022220011002
012012110222200110021
120121102222001100210
201211022220011002101
012110222200110021010
121102222001100210101
211022220011002101010

0122101020201220121200
1221010202012201212000
2210102020122012120002
2101020201220121200022
1010202012201212000221
0102020122012120002212
1020201220121200022122
0202012201212000221222
2020122012120002212220
0201220121200022122202
2012201212000221222020
0122012120002212220201
1220121200022122202010
2201212000221222020101
2012120002212220201012
0121200022122202010122
1212000221222020101222
2120002212220201012222
1200022122202010122221
2000221222020101222210
0002212220201012222102
0022122202010122221022
201001220021221101201
010012200212211012012
100122002122110120121
001220021221101201211
012200212211012012110
122002122110120121102
220021221101201211020
200212211012012110202
002122110120121102022
021221101201211020220
212211012012110202201
122110120121102022011
221101201211020220111
211012012110202201110
110120121102022011100
101201211020220111000
012012110202201110001
120121102022011100010
201211020220111000101
012110202201110001010
121102022011100010101
211020220111000101011

